1.2487114955947225 2.349380480009213
2.2845997538017855 2.9117175319760813
2.099733808929604 3.2483750040900468
2.5882352939 3.915033363847269
1.8971909456046316 3.982458818653313
2.555502392410686 4.0728436073382746
2.116957499695278 4.22895159768023
2.8261316879099647 4.840880335682283
2.5828471222525233 4.974018318364654
2.9723726587778687 5.2070545584802845
2.2907491206398745 5.400284133664393
3.4715709734843703 5.621943087779336
3.6247919950348813 6.020550400022437
3.0867346948724492 6.0866556925230615
3.671602475070996 6.223915825567268
3.723423699846017 6.673175385887812
4.562118076780289 6.8187309739758675
3.867649735190571 7.3171448429015635
4.614134583409213 7.6153985298956215
3.324814269860523 7.959736311678102
4.194819215436776 8.128863439783567
4.834898337863193 8.628247065741006
6.163655327099186 8.731298503252386
4.578685525434043 8.798940193297115
5.679638008046154 9.092404628075089
4.49416608340173 9.209151584474798
5.363249098406319 9.994601715082268
10.592103998710698 15.851397756168682
10.489158112862897 16.22964935200169
7.662882616412352 31.82344641664847
20.838303105227002 52.26100428885999
13.156010579593461 66.50705228077588
1.0 0.9908352833843403
1.273755656136595 1.0023850270571852
1.0876623377353896 1.0958245557419513
1.3142857139789987 1.301519778580286
1.0857142856 1.3645236078578362
2.118012421447205 3.376491954237813
1.875938924393481 3.5508640655316466
3.798803647260387 3.699032134209861
3.464175641339977 3.7563739751616025
2.1684643655736253 4.652502908359478
3.2832979918187077 6.018586090929954
4.7469626681587584 6.329477373986429
4.236083064098466 6.389912978109447
18.852044496002 26.48789533403113
31.973041585598402 48.41630479517026
42.682133738468664 55.779051137325276
4.32919118225703 6.018904167762103
5.581328016063507 6.3682529619426544
1.0 1.9956593868033128
1.0 1.9956593868034649
1.0 2.004994203676949
1.0308489775991379 2.0195085068536707
1.0 2.0240871581113042
1.05 2.028027193794212
1.0 2.0511315459900623
1.0888888888000001 2.0818136172510124
1.0 2.1412227239174317
1.0 2.1471534274231563
1.1054766735699797 2.1810137223615764
1.0777747772303539 2.196873748306942
1.3716916793214737 2.2227487371405688
1.2562869819822484 2.250592871110882
1.2298504886937343 2.279047589130701
1.225854701213889 2.324816045880186
1.3870129868685714 2.39355479565926
1.153846154 2.491583066913063
1.763101604178877 2.799222626734148
1.6210520645442636 2.9541624560487585
1.679548817417186 2.9869750923723823
1.0321070234568561 3.106012317121793
1.4449005866020188 3.1998893101797607
1.851216317658578 3.4501537365354085
2.283940420996417 3.7799141189255647
2.7368629091225305 3.8812302288439278
2.568202586763898 3.903771681531424
1.3473443219063492 3.944480350013163
2.945822511582013 4.1373923123945815
3.130692311804814 4.4165695652944095
1.9160577600070858 4.778061361955451
2.1309523809099997 5.025578471914045
3.9401485544496953 5.5055319009333
3.1357576109874583 5.872388552443161
2.3339492534802866 3.0665935616288613
2.6113158900510762 3.592217971080182
4.920475798485821 5.315763642477122
4.492991517925469 5.763177536261621
4.029647422951954 6.351478377941158
1.0 1.0189433605635692
1.0 1.2137610171172435
1.272727273 1.2904512537862982
1.872771078186263 2.821160222209786
1.609203296209478 3.0001357761117133
2.103853383771492 3.2110700322794457
2.5045660219247363 3.56911562562018
2.6434971506555835 3.7114495808086514
2.1726070380157574 3.7717618860612823
2.687091157020806 3.974115200712181
2.7141254854474552 4.127357533044125
2.638610898837885 4.208996858332283
2.7242473189170107 4.481720220402131
3.0548227211653267 4.628413731746918
3.279798613703324 4.636228220821524
2.4508938588525 4.845661516083915
2.877503015956197 4.898742352133935
2.7840844765549178 4.981032835570378
3.041715809953767 5.008961817384175
4.163365060375461 5.5085308110657305
2.8173369347861046 5.518636267138874
2.0463187522969175 5.794063418402224
2.9192242596802154 6.124058947782662
4.096002678414076 6.756198041830306
3.7420552706932657 7.203711035335112
4.67827625055811 7.299653252582263
4.022981049561556 8.310433484522227
5.584032006297848 8.7688328187963
1.058823529 1.3566000363910524
1.0 1.4718125706809118
1.7320158098664031 1.9312850088451587
1.0 1.972363571464068
1.0 1.9770800257660253
1.0 1.97708002576604
1.2954545455386364 2.0199329871820533
1.1397515525993789 2.1089152276140437
1.1520467837309942 2.1261953717063307
1.9053793116397535 2.195512776716054
1.2666666664175823 2.2572308477434064
1.4506925363569712 2.3991741053782287
1.3301587301536508 2.6008719590918825
1.712087911462857 2.6603498312700693
1.2570889314282232 2.680116113168334
1.3804551167687003 2.9569325260914363
2.225977674278199 2.998783473672915
2.947711699731319 3.1614628941523044
1.9785724965679208 3.2224534644841167
2.0647956152093063 3.2735255512642984
2.401040563034601 3.446241790528859
2.575301424411131 3.9078819536785674
2.8904318873040804 3.9935942601494814
2.7104464376584034 4.0268987897947435
3.165047931089436 4.403409682647234
4.395035740729904 5.893388577109373
4.31913804481016 7.51768730623415
5.587535119824969 8.932085648621129
2.431641886707741 2.9269058261959406
2.850460877726994 3.855958556206669
4.331092081271629 5.696023192236737
3.7886757593919875 5.878636873044694
4.511909054437052 7.237214596746363
6.018130127172916 8.18367616599056
8.046466896672722 9.021080014128517
7.418976138201442 9.985526855845913
9.642976568917728 14.760762231102113
21.912788460560463 32.40635309819402
30.601482220510608 42.51857117020805
55.06085512726998 80.64657458376506
80.55932396094643 109.81694860822151
79.82051059291707 111.70047982540562
7.158701755117612 14.46295633913
42.05570025379898 47.879124896061604
54.5937850724477 67.84741162220449
58.660637537604984 76.07849051806434
25.39413670316464 32.04761701908671
3.138864470174795 3.371215536331716
31.725385603191672 47.49273054974311
40.43902435903371 56.85855351039661
3.154320923198434 2.433157589241256
3.21666937332219 3.0614752736824657
3.454624328214819 3.9297378939748175
5.47342401868105 6.6006377410325685
6.908229969473258 6.916371504400789
7.161156130558333 7.156746918687344
6.414273203464071 7.86754831145585
8.806897731734908 8.668786901136302
1.0 0.9525563824726528
1.0 0.961427970085775
1.0 0.970382179018754
1.1124885216597795 1.108125289157694
1.242424242391342 1.2134061214082288
1.3501960784466667 1.3060427864384716
1.107142857220238 1.4564467278093052
1.490345143504409 1.523832805737647
1.6183751661567607 1.6020001063274651
1.518134775803849 1.6178273583815674
1.0786092214603173 1.8357663320349056
2.2149058190188584 2.498142037136692
2.6095492738421697 2.5476026315744362
1.79575163365 2.5911495926439825
1.9341779785966602 3.8038791130976266
3.3593468043580064 3.812866195580317
3.2220239162190687 3.8430661618562914
4.163608451610966 5.906365763927084
4.827211163592884 6.3344700972195165
6.853209338778669 10.51395933938496
1.1342731834285087 1.1272841989510918
1.0 1.5976072417106186
1.8363727046232654 1.9063950061776065
1.6171285850560715 2.298824460068324
1.4743083005810278 2.3311968420276865
1.8497668121569415 2.374264117061681
2.3047261734190183 2.4168351656659866
2.3942317989286455 2.4727451130776905
1.821433716457077 2.5084482449031524
2.3503289559649687 2.7146571829268993
2.44874044522115 2.8278588248810146
2.2334027411051904 3.778563171289255
3.4385052056076044 3.813170976084444
2.651667042977018 3.83509474914712
2.8386713823633944 4.196824321943409
3.059902866951388 4.4304165752012015
3.5221578862586176 4.445482979126344
3.4189552297519743 4.7276942170707565
3.865305983751437 5.916180655398003
4.589779161239466 6.315983326102077
4.867111044454193 7.210698961356676
5.697353664171256 7.904391717260109
6.888722977939243 10.86787165879997
15.00355089676539 25.280847769925884
18.4223940589633 30.20146932689569
119.91355383125278 177.41561241745057
123.26999425962659 184.36226091824062
1.0 0.9839701043299032
1.416824554374763 1.4297794880450732
1.4259431040482375 1.771035874368686
2.0436615353345053 1.9185660773917717
1.56 2.1024268795299568
1.601255886612245 2.2971313696705766
1.4657894735900001 2.9213246610218535
3.7924977792372743 3.110394295612405
2.115178572071841 4.066934130029163
4.5918227942950605 4.590972284288204
3.8306833441791293 4.904546025244195
1.4490957902159913 5.678385191237898
4.240460834418849 5.7512076288286975
6.544252522788794 5.838203852640908
8.325658187562617 7.6763862934877745
7.08478246473738 7.720575369631883
4.213775634135854 7.997737764234801
9.93515188980694 8.555491881211617
6.1775058936418 9.178551640358076
6.391036416051003 9.625958368350783
11.58332746254444 10.72937914983986
14.187746549084975 13.063033197551816
10.523852137305576 15.50877222057141
12.001677513600512 16.645839692066527
23.72055137801504 20.933911791699156
22.4279483552385 21.387028503511054
1.0 0.9977486029147792
1.0 1.0000639697110312
1.0 1.0165022031205635
1.0935064936935064 1.1102317123313803
1.32 1.329709008045861
1.944011544125397 1.9593028418656224
2.3938509376195514 2.41820025959397
1.8197570851199998 2.594842965237382
2.9993181816120127 3.0134028374760278
2.617110491992051 3.205939092764284
2.6240697011068894 3.4582143523994517
1.456428571385 3.4901608364990286
4.667746738967583 5.693903169987793
8.641342059332146 10.736165265123669
1.0 7.207018692751125e-12
1.0 7.21162107706571e-12
1.0 7.898321515077054e-12
1.0 8.495226560378888e-12
1.0 0.08805398648897958
1.177777777488889 0.18071150249057147
1.1636312214835407 0.23844905269052896
1.1298701297575757 0.2569961601274475
1.4848484844969696 0.4882646627521913
1.4521739131 0.5083783469911256
1.5245098040625 0.5300660684876133
1.1469288383401697 0.549823893439386
1.5866805614829798 1.5446174711664344
2.027910053455265 1.894298224821072
1.527586182151712 1.9365602212831985
1.7426650923839035 1.9503663212308808
1.636092437132535 1.961081664467344
1.3251638224527393 2.109211930755203
2.1222586588137333 2.1532458988110617
1.6582155590430196 2.2124647974190137
3.2612514357085116 2.3240351849108007
2.697142857 2.379266921596287
1.226030668436779 2.3944776314357434
1.8467532467814283 2.5333906681452967
2.2952304047277963 3.1207259369838782
1.890988806933483 3.18191595867562
3.8395810507746395 3.6815105455138175
3.290265446155465 3.731638127123329
2.504306276274426 3.8512525187819007
5.1158060590266246 4.9318417733906985
2.8965933851628924 5.555213323041659
4.533795731471027 5.660222920165862
2.278178417707952 7.074416131591933
7.582709626637719 11.159887648475996
5.333054232367751 11.304694763818302
5.182386280494948 11.955626334955044
7.2210145217615445 15.68465590191538
18.547333430530056 39.456686300322005
5.340696562555792 39.71226719836432
6.67531047928031 61.1574927746874
6.98196327024102 68.6296974126288
7.78334158520917 90.49614967719513
1.0 1.0165022031204698
1.0 1.0241748280021838
1.0 1.0272151954562825
1.0 1.0272152254155924
1.0 1.0309265942335946
1.099047618891746 1.1870042814538344
1.1547619048690476 1.1898169485889352
1.0622222222144444 1.2486409986810034
1.0512204879967988 1.6473388245916398
1.3727810646035503 1.6819819360456467
1.2157211212329733 2.0385764106981665
1.8235157700871987 2.119906751955136
2.2899438300891752 2.535368679965562
2.0381919192210356 2.6989015606407323
2.4270005761628743 2.733245236267119
2.18586257155347 3.3780309979633065
2.346485596762691 3.4340825781043534
2.514789901400636 3.577513163798654
2.765089935073006 3.644978705155492
3.1804078738064283 4.29005933213861
4.173767457526553 5.4440784930505215
3.512376386831988 5.620010557153343
4.793522574717634 7.568195386725396
7.919651665972727 12.809498908912845
1.813597483810088 1.992820396584844
1.8501682435255287 2.1198467358871635
1.3397435899179488 2.1286465757389283
1.2647058825 2.2311260574621445
1.95773902091437 2.2976192867668983
2.107237901641574 2.493191716723851
2.6389365075279607 2.9590257929256696
2.3648795686284605 3.2891253664808837
2.149024569761918 3.517937805893332
2.285180797899101 4.260995716743851
3.504896274605352 5.5243571390712365
11.567562799046774 22.11787705400144
15.071305376236577 22.450976546399332
20.437179320394602 36.50747062297727
201.454097939016 317.4296018047958
5.749295149557266 5.989177937348439
5.625586131870322 6.366172261624183
5.767817476884513 6.720748372298646
5.824649860542145 6.750116130502416
5.897338665192307 7.115253221733888
6.424553823102481 7.941166766902229
6.579171291812028 8.759745986566156
8.695296596062873 9.848804627714502
11.425611513228988 15.045027713958357
1.0 0.9862531893177364
1.122352941060392 1.1091826706385697
3.7571837795788525 4.255921800458219
3.3063942597022704 4.329517905110008
3.3695408814517793 4.384010351549382
4.429214525267899 4.397546738735157
4.33102324486106 4.801835883621387
5.220272719301108 6.453854756825358
4.225576937910659 6.634608442622027
4.744215005616703 6.872815313693758
5.565054295495841 7.374361221513468
7.26579279664422 9.307809128218176
5.028657887383252 9.732952637718686
7.369774194425391 10.478094861511206
5.234275272410001 10.68184759568534
6.761456755317244 12.240173323089536
8.7052012053888 14.484800345317982
12.271094026231244 16.164768010579657
15.219142367250022 27.768647623090374
21.727367208540667 28.693918704726567
24.678870199032854 44.79929241333091
50.980239625597584 65.54045114114274
1.0 0.9839701043299038
1.0 0.9908352833830476
1.0 0.9908352833832312
1.0 0.990835283384076
1.0296846010463823 1.0111731033306388
2.376152735984365 2.1542018481109824
1.7182108374034213 2.2691488912847304
2.1770532612013556 3.015285320247612
2.5017648284750234 3.606511116479987
3.5536999700219605 4.079280276319095
2.334179237018168 4.284578608417871
3.1239169985180446 4.30676467093186
3.319129889755421 4.400451444459329
3.3211846035000994 4.627276972978888
3.3503654634061326 4.679568924858666
3.5939292784747616 4.89646837460684
4.079301640150126 5.6896487643263844
4.903267635895962 5.885362635458924
4.2638781835546515 6.626715159431753
3.8698268245249983 6.711673056517496
6.982211780444391 8.058060803058451
12.830508578387713 16.641981635290104
1.0 0.965894698474326
1.0853264384654169 1.0444193423253392
1.0 1.0712163463040745
1.0 1.0931803255179398
1.2380952383150183 1.2051130292244114
1.0 1.2380641768733491
1.1866069564257888 1.652605932104917
1.883333333338095 1.9750376006255368
1.5095880208744301 2.055507795339755
2.296825396349495 2.2918109042118178
1.8609697205775577 2.3067023117884955
2.8105475014976897 2.8374922996646186
2.659565649674095 2.8677118655431784
2.3674615449522975 3.2675381016420197
2.988580340827505 3.582297890199148
2.591023298321742 3.6133050040815813
2.2983347046341693 3.698452616420125
4.731235994303923 5.466606011278674
4.018878897036523 5.791310888616097
5.268258150816664 6.075775229415108
3.924094157031797 6.504948117924255
5.00798402870898 6.7043947168755365
6.030928831245231 8.002297127374101
5.529269783707666 8.054961983549754
7.08802164056607 9.564622237243688
7.872896146193985 10.028319527537976
12.510286386982512 16.447719919410428
11.774203737115409 16.559345932256402
1.5313806356653068 1.7609757716470142
1.513421293028978 1.9328038269539165
3.3025758849276916 3.5289895120414148
2.9795329667315475 4.374910182384939
3.9994718563110694 5.892777919600736
4.690410742489328 6.203802666113721
4.47829166581323 6.590964223066673
4.963206889177601 7.244330493180194
4.574812095035734 7.969413192189371
32.68701246700628 48.59704043063646
14.141954886850002 30.68574938807005
15.152424536644894 31.198183107775268
14.910714285000001 32.17519966917884
15.670119047579167 32.919754360229646
16.113421484983327 33.80026086018432
16.020502582834247 34.210351059804445
16.996064215192273 34.312113057331125
15.476407296510732 34.64210604604144
16.240481740027974 34.75910258711691
16.28006787710442 35.268459731603635
17.600407578514524 35.445720209100315
20.120890804195263 40.72615081484276
2.8418507318460358 2.8297881569352143
2.776466992057154 3.647753734326322
3.3921644043861616 3.7486849494500096
3.4612919439336736 3.9108503751849577
4.351258168099413 4.530133425902168
3.8518574624115764 5.106473102683104
5.137444087082228 5.833116161587014
4.883074631500352 6.361436504833381
7.4681453162732305 10.829160423242627
11.364027284843559 14.33399137770033
14.626053532779794 16.32404945476324
1.1428296805940024 1.3275331504615042
1.1822467722907575 1.4500219648716148
1.0 1.9002646338482767
1.222961799860157 2.3243741459949034
1.0 2.344403057288392
1.3551587301150794 2.4400976732207904
1.6423692810477777 3.0165707298069067
2.2761315045792423 3.1118933098152914
1.0 3.2005023449650976
1.8021978026098902 3.2839820899772967
2.7165637008230097 3.666511479357596
2.989972964120654 4.404722468195527
3.2599829149847066 4.638042388381251
4.391305936443702 5.8429371562386265
2.2285714284 2.2533255983015104
2.1670110190954546 3.62602074111876
3.123313090407237 3.901578308884016
3.2251301609135092 4.298353024563829
2.968982340026101 4.4583002577949715
3.3134073328978064 4.769816706874218
3.102934103438336 4.844867542623039
5.997188552114911 6.006758654967622
4.190649349935101 6.035642938398447
4.874975638670888 6.095283744895906
4.2449812486718095 6.295140604377625
5.0514182457666 7.355479036526433
6.5603496348423525 9.210589940370962
8.545318890014132 9.359122702893394
9.365078625073535 10.71483429829146
9.034625125283284 11.465407447491256
9.930733106277554 11.551523611799915
22.377751254488103 28.99506373621216
26.5258856941134 32.97265945914925
2.4727272742 1.9723635714658672
1.0 1.9817407103754865
1.0 1.9863799044953077
1.0 2.004994203676956
1.0 2.0096984804196216
1.0 2.014438819818042
1.0 2.014438819818188
1.029665071743903 2.043577883407275
1.0336134453794117 2.043627475556081
1.0719868365302345 2.1224823826830037
1.133333333 2.142731627142349
1.1539573070072906 2.175283970280661
1.3685255918923096 2.363067667587493
1.5 2.540013421277122
4.664775748367214 2.717876676466589
2.1088152137541964 3.109837021737586
1.65625 3.234101571580425
2.1139455793282314 3.4815142093568388
2.7506438848647012 4.297470425428006
2.019289195989223 4.594199804867329
3.3181541770158254 4.972265272154576
2.197302698116883 5.625035014183584
3.862030965504682 5.778487770280362
3.265601761840891 7.268737135586218
5.761915803906337 7.838102660608929
4.811678680370885 8.285824976307431
5.3030830458219365 9.15360257505606
4.851561767035488 11.309833519142867
6.103284241211209 12.117517900059287
7.173846155629999 3.2623457378251977
3.1695012001259473 4.134967796042072
4.176803914312394 5.215794829024729
8.452733477685108 5.625739771127541
7.546890635593586 8.739778452642604
3.858635928778488 3.4829782491712438
4.9914835163374995 4.576042964911171
4.258955700048063 5.452360499127746
93.96050303126998 118.92924834472862
1.0 1.000063969710531
1.0 1.007045867184568
1.0058823529362746 1.0298434088389192
1.3340065399646457 1.3597885316100458
1.203125 1.3901422753010166
1.07582720578125 1.418902297999846
1.0 1.440160987885407
1.587542517811352 2.029693355755296
1.4535719180240712 2.3370474374201
3.010885628154461 3.048439902560081
2.3177824082185396 3.681711261046829
1.9285714278750001 3.8410218504756353
3.2472069058081274 3.9954231301190632
3.3095734883646597 4.149825686176697
3.349990465807938 4.190192199374751
2.394736842 5.019181756762845
4.17699032281307 5.284608142812153
10.66828335960242 13.909371067063748
13.80373945423985 20.375599550190522
1.1971488958961412 1.3743137414314883
1.0 1.9624232709432212
1.0 1.9675230034899465
1.0 1.97236357153622
1.0 1.986379805629518
1.0 1.9863798056297264
1.0 2.00031678815355
1.0 2.000316788153731
1.0 2.002817979014545
1.0 2.019228494938862
1.0 2.029686042316448
1.0741860065813011 2.1704904529526017
1.05294117655 2.1893818952184265
1.1688296627543187 2.2835075891824173
1.130177514841716 2.3884242218430467
1.3165522675996733 2.429530916604344
1.6829185519073304 2.7943945420010263
1.181512605112605 2.8226740233343657
1.0 2.8765295946816964
1.7218822552580961 3.150033268456938
2.29886139673412 3.2124268520173143
1.0 3.2552772133788084
1.756779417817857 3.323416414972544
1.1551389792113769 3.3262202489816435
2.226310261629257 3.3594077944403766
1.4445433432115196 3.4696076465444823
1.275 3.629632722890598
2.3945432024239546 3.8703157316822807
1.4094516009213063 3.9327430241424848
1.3812191543894892 4.082287616901887
1.9225480124804952 4.355123719474086
2.4039915962176472 4.3754177542972785
1.3308509298643791 4.428910682014683
1.9897315875902577 4.612348852249292
2.599610473691243 4.652541556351868
3.313463621523978 5.109032277548506
3.5447517305830045 5.115156075033001
3.655144482390002 5.835297997825878
4.154730788162848 7.481952726889669
2.7017519747500107 7.555981372115933
3.2959034417006237 8.400576572566434
6.67306799215734 11.036827795614924
5.370483647416111 25.39843550157967
20.016600316080883 28.47281916670744
5.785203958205409 42.75910263016009
2.405613437916361 2.6038892951613337
2.539635203402802 3.053395902858357
2.6006349211415474 3.067915944369924
3.0103031280584176 4.633554718037312
3.8342032612296806 4.788712192348151
12.523463602446427 18.36072406022441
93.0914542214398 164.76798401236766
486.68988823452884 904.733976698594
1634.0395871019703 2903.918680602666
17.22790703076267 21.656959815526903
2.3471811284330397 2.5308850419960263
3.326499743245611 5.2067921220502456
4.987418143324844 5.95796588515214
5.7547555647282005 6.6292401171439375
4.037384370033242 8.455706987972171
7.763901478885963 9.795681665179089
5.911850932735171 10.372414503483943
18.496575104559316 33.938272682697736
19.425199213504776 37.003534582104884
1.0952380952443748 1.3779314971227017
1.2491984935775902 1.6529576600270992
2.364439459403018 3.3831812312523883
4.992016025657 4.976793371269999
13.752713787290986 18.42760537419897
2.4232033620622873 1.9002650278536808
2.06527777776875 2.6028900531448342
2.713290505219078 2.7462969172101803
1.867405454717352 3.084991986019709
2.16410256485 3.3041462205004613
3.8611464909247175 4.365354841124862
3.073154033089274 4.932630782044161
11.976933781356742 14.70177789744933
25.651984188042416 36.799915490102336
1.609741898317847 1.9398955027373987
2.747344208600981 3.668253928306141
3.44153579591933 4.969171459147715
3.689020120890005 5.4815432996103075
5.3383861602861185 5.729659570321854
4.04993777459458 6.47126295692237
5.887774723291905 7.713260018754642
4.781311612212309 8.384893835132686
5.484144659320389 8.603727147604669
5.886323301600123 8.806906825644711
6.468739706167495 10.014464727041648
20.079064098152 29.716276815731085
42.31456085398863 67.86719944478469
1.2228116709701422 1.3884445472136333
1.2183055042829314 1.4078645747979863
1.3148825657114345 1.6470320610592306
1.10924369732493 1.6529891995336652
1.7105263152697403 1.8062746823479043
1.7586289234982875 1.869553014359764
1.4944974530593353 1.9140717845164563
1.5396250808238396 1.9361550472195572
1.8801956680773795 2.4966972182224523
1.9666615745016993 2.661117586339525
2.267488557995291 2.7502136887153776
2.702090238149596 3.0070089248940133
2.8420619071539734 3.0338738919465373
2.1537956289668414 3.1038935071693188
2.9314535480555177 3.235148774812608
2.782176813812108 3.600679390123328
2.9472783054301743 3.724814350383252
2.6045115720791565 4.121303459941216
3.0420816424359587 4.455613875344656
3.6649542012632037 5.253536584185917
3.502207650205228 5.299000771635433
4.708665078403239 5.748891540124563
5.258697432716486 6.0826592044101115
5.48604786334279 8.576275381445015
7.063843233998431 9.263632406206737
8.143828922226238 10.33946353804972
5.477672140269803 10.463887537811095
8.292522642228207 10.538259469831816
9.374560039521967 13.437607221302054
10.367159976218248 13.871463603391936
1.4003305772783994 1.7591564350709952
2.133458646382519 2.349211600677696
3.266873529313002 4.2981278249472386
7.011217434762139 9.006952595523382
13.620104708204245 22.267945255477773
2.167762697391182 2.9347175697540564
2.2696732217184667 3.4655589735720866
3.398069089905242 5.294510230836903
8.540083416301215 14.31223772477561
11.418801439331553 16.91655505616288
11.678752036171373 19.732099195054907
18.85232360053787 27.106395395417863
25.21218364335076 33.27173129525204
26.306092819907718 39.3107251220496
32.04847638025867 45.204945773369744
30.54312648058061 48.17686293675477
32.75199487505416 49.670154183653615
38.990482109971175 60.38427801020965
48.511523990687984 65.84657352016015
1.1873913198635768 1.2239004232277582
1.1403508774035087 1.536724688700489
1.7353535356638385 1.8534245964969784
1.7708621335952792 2.116059633341557
1.69273504275 2.169554340581136
2.4113793405594683 2.517204087537044
1.4020320856 2.7848608942162345
2.337332945914178 3.028706179026833
2.957246558282563 3.2786350925343304
3.672249297905011 3.678715336226368
1.7295713657285479 4.0344219343458025
3.194158471686948 4.185404530998247
2.37639551927855 4.769423934134421
3.0381946851267565 5.340988094997182
4.764786531370221 6.307888030646006
9.753454426945208 11.967145369464195
1.0 1.0165022031205
1.0 1.0214731109767206
1.475 1.5350839185450278
1.4253770736552036 1.5708485390345344
1.375 1.6509209914653602
1.4403516485489232 1.708786842754798
1.842547928830102 2.003535296471697
2.048486316889361 2.1224580196863543
2.2111671337030065 2.580021953228118
2.173385764710698 2.5919613677289552
2.2279473243938126 3.4246294669431414
3.9293239436948033 3.4946952966609155
2.411244498085434 3.615060975552304
3.0203887044136013 3.833495266340208
4.502164431232332 5.46618204653844
25.734457801410194 146.33100490438642
1.45 1.45873362141514
1.2205882350000001 1.5842986612858951
2.1471822293941725 2.5901055253675027
2.3857904002115315 2.6695457516677084
1.9519887961045659 2.6984480176860046
2.374898585164576 3.3203761051414786
3.1771446046628045 3.51933230254596
3.4960475725070337 4.199095689453558
4.281202740202717 5.304656741937691
8.716154888098957 10.47787125736988
11.223094674481771 27.78291247236244
22.59012701971131 48.83485898916768
15.127437316859968 49.577788539837634
12.806353257921273 64.38699145280846
23.503990706732633 68.56110142143898
1.1206896552745358 1.0528806796763115
1.0845864663345866 1.8082398020077293
1.5244755249475523 2.016679842573828
1.33653846125 2.4234787538987224
2.1783149585630386 2.8527991561783197
2.4114285716190476 3.1819573468205995
2.460957961716487 3.2434432066528656
2.0941558444334416 3.3623958061922243
2.285714286142857 3.4409944334158062
3.0283496730797625 3.664456448730337
2.8648550729731648 3.694379303029885
1.8686224485471938 3.8089403473254846
3.0331034483 4.362755612135661
3.0755513373492294 4.690346295062406
2.50498631020694 2.537394332351393
3.120736602821477 5.941109270480817
3.579319727341484 5.958788425259971
5.907425922425344 6.713795964350437
7.6361532045254075 8.761270915340338
7.347351063876008 11.624863234539573
8.643268096142938 12.606898308062725
6.594099326001156 13.515486190480313
12.013929274630867 17.918639936517305
18.028036484597884 22.618146305041773
20.246457046634188 28.43343895647952
20.02085529830204 31.515153860099964
483.0814023887809 766.7951968272412
2.986491727017838 4.487761204462915
5.404388514406298 8.536026053445232
46.07147198197594 152.64880236127868
1.0226244342533937 1.0417272035757668
1.1992337164386973 1.2424198983008221
1.229424372631341 1.2600563026429448
1.3697478995518209 1.3588966719428288
1.4309523816142857 1.41355133722176
1.3869023050059253 1.4488533535298134
1.4104395603298536 1.4488980169761982
1.4401255889483673 1.5861971246183129
1.5893978146727652 2.057355310012003
1.8360051410964016 2.3082931132676183
2.2600566852941673 2.5292952457013103
2.763655462478723 2.778794260180323
2.6354086924265983 2.799158496692649
2.8241996391642115 3.2673413622223224
3.366143578371086 3.814163498542384
2.280423280125926 3.8181653082802174
3.324198905459057 4.043437743278886
3.7455579598883153 4.118883802853055
3.1899855846007865 4.9184753955862455
3.884662849147557 6.875115746776752
1.0 1.0070458673561715
1.0 1.0679017268920108
1.1406593406241758 1.2915799155477905
1.6666666669999999 1.6571638090720031
1.2157040188724602 1.665799291295646
1.547268009311111 2.0495338154748666
2.11788716270497 2.825274118988025
2.8798740801143836 3.5108776894906737
3.1449116100959706 3.5938701585152804
2.5610644018883053 4.17031812274813
3.663176843609162 5.511394782943991
6.130914583096447 7.264171113219884
1.322933333676 2.432449046766309
7.432755639504703 10.706370234600154
7.39617180953011 12.39328324752242
9.431539330364723 15.94350453954087
13.415103216552655 17.241158001044678
14.099666610690102 20.376242122292027
28.697102569545518 36.253531758612425
18.35835012208202 23.13568124285235
20.52074994115442 27.08220323550077
37.128542536213864 52.6238058712934
1.176470588 1.2084070403620528
2.177797290208516 2.236286378112607
1.5803571430669643 2.4935241614105847
2.4795148650026535 2.6020274744229503
1.8011792120584968 2.8323921631637567
2.729863542701968 3.0093301788736166
1.7539205899077563 3.2599112425690384
3.0 3.4201189176391398
2.328149941090753 3.8857710769028255
2.7201489225150306 3.914569887521969
3.45527995843199 4.193197143131331
3.994652407950535 4.458618911070643
4.435061418755751 4.891233194682343
4.748842524580984 6.020832300511406
3.689430003483144 6.63307283169141
5.42712510844163 7.102500084376697
4.279731659867693 7.761845024615588
6.209078315378753 8.855895104313827
10.698820350215913 11.269851343683175
1.0 1.056413232780691
1.3154272233103768 1.5476022433054213
2.029658412071972 2.081100926201327
1.7053613055347594 2.149821072649464
1.333793103301609 2.295448411282602
1.6983405484762684 2.6587330774667666
1.5714285713749998 2.667427554575537
2.540248458414005 2.8397048227709316
2.1238095238808308 3.1896904979036407
3.1954774449767793 3.3584798773563396
2.4299585225021367 3.462839487189638
2.725620464819222 3.5732379693852856
2.9484873744785745 3.8376665624643964
2.9801141274858285 4.05738665110471
3.238670509835452 4.198017211084692
3.5138503485461783 4.329708472693164
2.5014843545866308 4.337652903954233
3.3511038630772347 4.519482534308897
3.0525054468235293 4.661714885763661
2.846153846 4.7947425760324665
3.813672648211752 5.986070922340372
3.338247473499019 6.339060366639121
4.0553696393725165 6.6004624407646775
3.751236869801586 7.281973483748994
3.2559855171588663 8.094611456061136
5.707778496678473 10.23257743146544
9.068622779618497 16.930739463810486
8.494343097764553 17.86156125548194
13.962607870906426 22.55648967643837
19.153310875497514 58.465656838309535
2.3939825525428184 2.625791383708988
2.1180948238884296 2.8539756569532346
3.872396628853078 3.964601804519962
3.90642931672262 4.217815188308791
5.27917744072542 6.889787214158536
4.562787024749648 7.057736299438705
5.227887449539435 8.82729754378459
6.710593246831027 9.117512256065492
7.40482447334887 9.745297330132356
2.684599233669312 3.1746562151965594
12.4389903671299 16.37753669353897
16.244932945952346 21.216741548033518
21.773383913321595 28.850188256175613
27.349507364302095 36.36947432410066
1.0 2.1194218850524367
1.0 2.2210368624118724
1.0 2.3444030572884285
1.0202874049163144 2.454774798883287
1.222222222 2.6002068948360075
1.1102040818530612 2.618885816633634
1.5631907308882351 2.7477695702751546
1.8631452592791116 3.116620109025748
1.3381145172809716 3.188618406422525
1.866666667 3.464871474075802
1.778705693460474 3.56666625971042
1.5834112015516952 3.632440049563281
2.0490683221901893 4.475917690010742
2.5671951828884074 4.626072555059059
3.753307183929475 4.924992597303985
2.5370291115141423 4.94107493616113
1.9826628001239062 5.0899133980883295
2.6277793388096375 5.12056928524659
1.8651787475160317 5.2531782205217175
4.380296471755978 5.5625172914914165
2.544029133825577 5.873063789588919
2.4972951239835393 6.339715299315428
2.6340768799835983 6.477416347153229
5.833220172335511 8.11702236455839
2.8232971319800098 8.653871797766348
6.934385694293703 10.202536443512985
4.900782337812726 14.069783833171885
15.401164183732357 22.0618911986368
7.831017048894458 32.372096784672365
21.052826413264604 181.44949968182402
1.3097039070664835 1.5090209693978789
1.66732778073045 1.6748332198037763
1.4075235108683386 2.081170807364452
1.6241666666375 2.1270433485209552
2.245887373091688 2.3172951312036827
1.9861223332126698 2.408492951727069
1.69754533387479 2.4112465990460583
1.8791053396687447 2.531672253671484
2.441631330726884 3.174799760981277
3.0067451502309734 5.526274362666724
4.582711732310722 5.530098781303378
15.138893760751884 18.618530900996802
15.692894343276597 20.707335290468762
1.0 0.970382179018759
1.0 0.9726337314969726
1.0 0.9921889168584412
1.0133751306800418 1.1050447646280814
1.1653061224581633 1.36379885988871
1.0 1.7482909254780143
1.0471153846625 1.815475536606256
1.747484955478735 1.9003157614405872
1.3925690670864506 2.054238588693309
2.858004740102661 3.137047757832173
2.5546680337970744 3.250067555441181
3.2048006616330222 3.7392150200544982
2.518727201761019 4.241165767176208
2.2241390611070773 4.2770883973568115
5.759130393899834 4.979786092445037
1.0 1.0117399190127951
1.117647059 1.1087629338018443
1.2128205127150182 1.2586454557505136
1.2544444443743055 1.4648103551167853
1.3625 1.6743739038638814
1.780162974625 1.8536051409136995
1.4220907292168217 1.9046751975523477
1.105000000075 1.950068650121179
1.4966033971077923 2.0979159672695324
1.9475941703763502 2.2865638090080904
1.530769231 2.2930858305782253
2.0655292030203034 2.350684269979874
1.6651976310183618 2.3936266076148183
1.95761904785 2.6297920843681233
1.8551195094350275 2.693334866455248
2.8060581488819927 3.1104700724263306
2.190066505514205 3.272376588498312
4.235485736771827 3.3077283423438435
3.3446409103471604 3.993805251701907
2.609254115902845 4.092572988306038
3.4542033094648787 4.353147293457688
3.2315110829834923 4.800943793503317
4.494700502499537 6.1972781415057945
4.255242350732441 6.730171604001723
2.5463381305850366 6.797991020146992
6.160041183847941 8.60886087462742
5.790145503942967 9.083646859379654
8.249419225694451 10.828536715166885
1.471807695405617 1.509219437330882
1.1637046861840659 1.8478496668943083
1.6554298336402844 1.9338833732543197
2.1031274225468146 2.623266467196008
3.032917235750383 3.699602306948461
3.334561150557228 4.106759550129449
3.219536747324076 4.867953794831131
4.423974431248983 4.947212741327732
3.259106325525169 5.375945503433203
3.8952444885963593 5.459562741792103
1.2060439558445513 1.3154364696559997
1.448275862 1.543857020021421
1.2484307361224838 2.582101111186314
2.656953878463922 2.8481946201328867
2.902256409532156 3.0063256403324106
2.9741914824686813 3.1865157003484263
3.190785494742975 3.200663546848145
2.6658120456747247 3.5395848733238733
3.559606464803309 3.8083736065647433
2.980248787032138 4.246163810860377
3.4355233729546097 4.277792651525038
3.82443229845589 5.074874058689788
5.059560170947066 5.874827988808929
4.8936780440921055 6.3627620346072
6.269048494498788 6.984344118901577
1.8896035340940103 2.357174529703014
3.0509422232311225 3.3403913877633977
68.98500340976206 102.4598529361533
2.12142857155 4.942066627861833
3.090339129274906 5.685263954934182
2.9349944528107113 5.730860395545763
2.888115245305526 6.126003804275899
3.0697479847311326 6.240603690625276
3.3548773693075304 6.50204787251863
3.936169646710989 6.6494809091941285
3.5520979370970562 6.8846921031881685
3.438957217370504 7.1555891365608275
5.976526253667476 8.299375397804802
7.391977263822327 10.088541362044298
7.628077985745783 12.383893325631107
15.304193142264312 22.11841086549684
22.484283458475804 31.652468993458086
27.025503391559383 46.52956401817096
399.6063279879249 631.8611355760603
1.0 0.9977486029147647
1.0243407707616632 1.1936498095623864
1.3983957221124776 1.501330436906007
1.2153846156358974 1.647249922746762
1.53683035725 1.7443954342964585
1.3178733028915965 1.9915549729454152
1.4687542089956804 2.0106434238050825
1.941943520012475 2.013407524422262
2.0410714286571428 2.5257017333897798
2.8029157676557492 2.744505783537538
1.8791053393559163 2.750333138745037
1.9139889527415348 2.7586282732397347
1.9629419501199126 3.0314779660334263
3.283104934517304 3.4628745943953265
2.160433691940824 3.502541202861703
1.9596533618948213 3.682051393644848
3.6008615283059524 4.091064869762741
3.5640221184214735 4.919414480656291
3.886055421867637 6.084289820250963
6.112276518694819 7.669397610871337
1.0 1.004712107902015
1.0 1.0047121079020829
1.0 1.009387605271769
1.1390374332299464 1.1448090617399744
1.3690476191607142 1.3786946239536075
1.4444444440299145 1.4363716612590962
1.0 1.4368311278331891
1.5627640564231482 1.479207047565831
1.0 1.5766416638867768
1.6139318888360101 1.6349494272394285
1.0142602494598931 1.7331427013421097
1.578698224824852 2.0285835658595697
1.7758538835690914 2.9434540731855368
3.5873124974933797 3.814640289238061
4.64620706654645 5.485814297222421
4.689376953026629 7.0743422439335895
5.392056022205469 7.301957018809848
1.0 1.0141079874642158
1.4226006194117646 1.4235463143891245
1.0 1.4736109782112232
1.3291774893697836 1.622586972083744
2.22702381005 2.7968978414452406
2.6764574658368727 2.9307329410839507
1.804034354003695 3.2649692637733483
2.8947368420000004 3.3758680870481332
3.516281589197554 3.5157041330398004
2.9586257510741105 3.9951519209519
2.0184044131615124 4.144258477955738
3.0567482992501667 4.193229040153385
2.909104207757066 4.559442052000068
2.7601126814155252 4.886429611113872
2.673072652187232 4.901361166333574
4.089525426032359 4.978327594512156
5.211406121631012 5.998574713093751
6.760242027269481 7.664492596879543
1.0492307692492309 1.1537756025560697
1.6392506747393085 1.701022720930624
1.9819607845 2.0257196049117483
1.6678260044357396 2.02671593034134
2.118681192331422 2.1262780866085045
1.9703703712719576 2.183183588002878
1.8997863787339926 2.294053860564935
2.556037188074599 2.8260798047289217
2.463031152116334 2.8684617968550596
2.9103108982016384 3.0825509906025714
2.4490149332684306 3.2702560907448266
3.1089072697346407 3.5158992908120603
3.8123931613244952 3.993662688550981
4.234535005664653 4.228687693954681
4.504934262945859 5.368497069221449
2.622155058118373 6.7474534842173615
3.7136268098320984 8.071291739253143
1.1106719366060607 1.1025861718537528
1.6418829041238334 1.3312491262075674
1.148423005491651 1.6250691345952664
1.6653934307692895 1.8020367233087569
1.5659090911 1.903021485019494
2.2777517150940825 2.0067778267415037
1.4408840459473944 2.9993553649629514
2.398452070020578 3.2052578355996855
2.4915787527375493 3.2089935167561583
2.356697572142741 3.3001148565320517
2.3733974757864593 3.437900910968825
3.091858931644273 3.704080116078456
2.5924018559961066 4.158747539823689
2.530115717475913 4.38355853600528
3.743323051211603 5.2827862300483845
3.504357436179434 5.380083382184801
4.164864034490698 5.6964200273121115
3.174747474747791 6.766820502496116
5.8454412592949865 7.07838940258605
6.479061625357501 10.103670139393817
14.09379781839252 14.312172272681556
10.421697432775904 14.826315069247036
1.0 1.0117399162776821
1.0 1.0471384610231806
1.0410917207177355 1.0543569801596415
1.0866486450331432 1.0719565468232541
1.25148809521875 1.24417977944056
1.230451128180451 1.2475575083513295
1.27428571456 1.2681214263028886
1.3403361347184872 1.4203595923972203
1.7342254166012792 1.8730857464603217
2.1399900989086627 2.5472268667660978
1.85213120246322 2.6462314299376466
2.040639834405337 2.7279372467083567
1.574497619337421 2.919624736838688
2.027563025871758 2.9631965585656848
2.3196228661080176 2.9985980029626016
3.8439053094513014 3.4656346349181524
3.581122448144048 4.347413071802151
4.7277477346878545 6.269859529679644
1.0 1.0023850270562598
1.0 1.0093876052717548
1.0 1.009387605271758
1.020588235325 1.0277311164959382
1.03764705856 1.052356795071954
1.1465814725101984 1.1796431473465796
1.2607407405896296 1.26833818647898
1.2608695650000001 1.2738527137917437
1.4618055556875 1.47329460033504
1.1529411763254902 1.4791656372647743
1.0 1.5652945308148845
1.304751131388914 1.6183140834193128
1.372980769385 1.90265448531008
2.0018541337727513 2.3074358385100315
1.887565065891579 2.5678370219126045
2.5730651679019894 3.1079374949102703
2.6369085420274683 3.1155228662766534
3.2213398189462352 4.235342023327046
20.595028109945083 33.353597457880284
41.854600851734276 60.007737081665056
1.7653907143725995 1.7818363695486314
1.6534798531076924 2.194041840406808
3.148173297564852 3.4764700461266984
2.544694802742543 3.829092306974877
2.3310311246424633 4.547767786070968
2.423557282719401 4.799114513131589
2.669560831377877 4.810248149137916
4.92891076641065 6.876523413282398
6.0690687320203995 9.066756758729968
6.790031218028452 10.044972955690952
1.0 1.0189433605635076
1.164306168294117 1.3428743970916517
1.4307692304 1.4517424220580517
1.4816519130422112 2.2650752728079504
1.8865777091083205 2.3867848589584733
2.911498951058705 3.686754494005866
3.2649784502855885 4.226634738953024
3.462950382291592 4.2989856654892336
2.3484903382964113 4.739174563358193
3.023299319703259 4.8797161310285375
4.137541623164885 5.444617935136718
3.4790676577065796 5.486690672093254
3.0712599910087683 3.897648439212523
7.736426857280556 10.12585232841936
11.272892074713877 12.059877050812434
12.978184708778993 13.297006580060648
15.995912163371559 17.783397909223552
15.672732727824554 17.788754760027633
19.251763991279294 21.141000812515873
19.971589994980054 21.22119716128264
20.60066546572332 21.70727182735749
19.69388759501607 22.241494345325645
20.877504113901104 22.488094728550593
23.306095746589424 26.352104150157302
27.292804425005595 28.4958749930035
1.0 1.0047121079020918
1.0 1.0047121079021488
1.0 1.5947447655194271
2.455192159916909 2.4611659333864777
2.3600139551902948 3.244397151617856
3.21286574157176 3.5117222404683197
2.8247615209437855 5.409286674958374
9.967314148256767 13.912140382816535
61.558684052764995 112.66468644764777
5.718212102520828 5.066192096565343
6.050321055327483 5.4024047928055445
6.0207012402105065 5.5675037932703235
6.801490894622641 5.602454519763968
6.818508880097171 5.945244941714197
5.657652385564196 6.173539956428027
8.005666830777137 7.457011022654348
6.918597875887093 8.187804779184546
8.533074076464295 8.188987675027617
7.294878414841638 8.269093262176046
10.017765489526527 10.553360366313768
10.522320300662328 11.395577142369273
14.405188216895736 16.720661158805832
1.1736596737016316 1.1852957057506452
4.237028892796966 5.255460104981731
25.804842134032338 32.06925456125426
28.245496438011156 39.35169560513674
55.192542142873414 75.1307166068223
114.5407878814891 149.41502090685913
4.856068239017471 6.372648806564548
6.865671444953688 10.846877839986643
5.0947614304406645 6.624295881416706
1.4007745711863475 1.481243225953325
1.4496848737999999 1.5792074351883993
1.7423076919589744 1.8758224105094723
1.6952380951476191 1.9622455418460203
1.9932631581040001 1.9861813821613763
1.4334596585453343 2.5420675344378267
2.1776033497959184 3.3486460461377803
2.1594379834628916 3.4596397228957816
2.7847585776095323 3.5723926099288548
3.134356851209747 3.8042288329428735
2.663157893741399 5.443273187113656
1.6172257761165443 5.525460100902267
1.5614035089473686 2.089994713338621
2.2873188405479903 2.4135945400906897
1.7288135567360268 3.068485457132689
1.7186160711829497 3.1877772666793387
3.2939130496730007 3.6377220841208726
3.4700253637569367 4.467524176976792
4.4388991966573785 6.057852679332105
6.669600457239027 7.087559176595278
9.029985094447358 7.975733004695114
10.117801907756046 14.228121418563905
10.568362133492467 14.455639440256554
51.36235212312072 77.92084729849827
1.0 1.007045867184657
1.1300840336552942 1.6688618339861616
1.4642857142499999 1.6848885905650748
1.7957602344109649 1.8008834029911522
1.7456293706398602 2.002337023950664
2.233613445867033 2.236544148966228
1.7434864330736353 2.363564006836567
2.4382841821834194 2.6029450399245166
2.348365054642685 2.6696325475030718
2.0150185606226643 2.9561208434835025
2.6220835695753473 3.0481777441142217
2.55104146624215 3.0724283248816526
2.1554983475814726 3.27813680724025
2.3063025211 3.3851470365010243
2.3444022639660607 3.400344841983842
2.61842816955037 3.4980025323673645
2.8412759397399348 3.732129450375098
2.349730861256579 3.7578295140147175
2.561470521245486 3.8103963437832338
2.56964150431166 3.9322573663659575
3.03860633775511 4.121259331041955
2.72070472924665 4.205872297634183
3.950994019738216 4.436500177852476
3.530188131862707 4.466226697054269
3.6709496388755234 4.580064774147613
4.021677133105684 4.6762578943307584
3.9329828903984487 4.8534926121956765
3.951323193971516 4.856824653053699
3.3609502836778837 4.885304798138477
4.257224454812319 5.06382894059333
3.170590305001663 5.282779750076034
3.7790286789133507 5.413302456687966
3.9452074364750227 4.789006711496329
1.0 0.9794197837962516
1.0533333331999999 1.0375547499508038
1.0353260871307972 1.0668953039875824
1.0953470634757183 1.0861936389256657
1.0 1.1209763004966478
1.1285714287 1.1357191115344862
1.0 1.1997135015861065
1.2249999999 1.2556175398007705
1.3446153844635897 1.3580538514905744
1.511553794142669 1.3957497394423966
1.561333333135 1.5909470735274014
1.6768640356895834 1.6833696030999907
1.4000000002571429 1.8880961623301797
1.5856265032480736 1.920389476358113
1.5093831290700854 2.004956102561298
2.031331763198293 2.0581684430151155
1.7497361021157298 2.097592672231054
1.440370087546558 2.180721615078804
1.6387269197825558 2.2115589840097205
1.7048665618037677 2.3122561231001724
1.6958193975123745 2.3283349343580237
2.009009372387605 2.5133825743231792
1.9436949974215603 2.8942507041947887
2.607013097935257 3.225306823067266
2.4916667781029287 3.3926686794911785
2.5079393508331567 3.6825540878142258
2.6468436945559306 3.9298537221734944
2.397035481165266 4.011413887207886
3.6139160326223627 4.2736916496543165
3.7002807340409065 4.488659822865267
3.218343732727655 5.063478253615774
1.5700280107957985 7.593981296925232
4.532157843481892 8.67700834750895
10.269753281563593 13.654625573159828
5.670908761681887 19.6222470039578
18.34418947808825 23.641813234673506
3.7253079351956826 54.93959721704624
3.686739882186659 4.601789628335209
71.50477005734763 110.6837294290417
1.0 0.990835283383076
1.1050284079315915 1.2333491861332149
1.370421528951417 1.358111192964828
1.8703296706 1.8702094211409144
3.753681768271811 4.1328490325560345
3.929158285258833 4.486308870006463
3.4484143373078195 4.621920101990876
6.5502021709959255 6.739169756473728
4.53257666174928 6.976390835209359
7.86986406444584 10.933261523880999
9.301962750389155 11.141242111396577
9.139406001407204 11.447581490196296
1.3344091811199572 1.559688374130215
1.0 1.6573165891501749
1.7761904763190475 2.7396979455230213
2.478510378248718 2.8133373518365716
1.7294117644498601 2.866617039440312
2.5120414831624944 3.344964720856449
5.274653901180716 6.41669544379138
4.596912656450245 7.163015035884875
5.561710615986731 7.051203285246072
4.811776858556538 7.077351580403604
5.272023809389285 7.125050716547692
4.059619427010916 7.404016927532938
5.928993156060974 7.842004356428049
5.91403156246097 7.864582653624554
3.880360948183154 7.8907895912168575
6.414525048727399 9.026936281318447
5.990513335198161 9.399547102592981
5.969377289250477 9.577650204863868
6.373899570554079 9.970308506282745
6.469035578687173 10.041226508733164
6.748533776138888 10.109323588874142
7.195510780269608 10.148867839951038
6.20593352678897 10.336754982344607
6.875673304294941 10.501967967876322
7.007338576928391 10.598478864804935
6.024898785282316 10.602999928599749
5.784305572719008 10.617955336924387
6.392259475581871 10.816050499876155
6.779121688773062 11.240181966367912
6.927187509085206 12.46099079113999
7.0107606566549645 12.603995527075007
9.635959076456503 13.158125148253164
7.075031789139693 13.30004306584769
7.0962305981017195 13.399792233786993
6.071997999334893 13.60097228390511
6.274582909708561 13.61199248847399
6.1567566639091424 13.65722201231608
6.954223484380844 14.10017655330102
6.928425086740202 14.842518589680731
8.807986434739824 15.048070674278607
9.977483794911327 15.642096118808588
11.737956454438901 20.182211883085774
1.0 1.813250291076528
1.0 1.8132502910765291
1.0 1.8655977476388168
1.6171712714959592 1.8790363855127308
1.1612244894255102 1.882924948210504
1.1386554620504201 1.951914622876537
1.4252831566009743 2.152642516260652
1.1887468029226342 2.2672236330413655
2.261822871171879 2.4907720722765805
1.8566185267466326 2.5635705193352645
1.9079196669359606 2.609503606879019
2.2779935597451395 2.8574846339883737
2.347614218099811 2.908771711068235
2.4243813590356993 2.9861791603748697
2.352678099013522 3.0742344600613887
2.5743897557863944 3.2023778651521813
2.3145201471516423 3.241049929073489
2.766497818151032 3.282471876120902
2.470393044862804 3.4506101787550056
2.3897950691496788 3.619393726483524
2.0734477957262047 3.665631834286772
3.5525263948134564 4.364892279587628
2.863214208374421 5.307239865425349
4.16554867873699 5.690064635127336
3.161497012893029 5.7355926359010345
4.363251454582333 7.6762254216415675
5.377155301756262 8.575770467530628
6.079697646385587 9.497960730911327
4.974372040073767 9.734106082147207
4.891346315790254 6.535581770142056
7.668412963272477 9.56433973718452
23.513503917482232 25.112355948735928
24.40721042737784 31.275647517394276
46.96632105421096 66.61068114561046
50.77624480449866 68.5708412342249
53.16963827711223 75.7497375179196
58.77470608364905 81.2086387989993
72.53636001983361 97.87978883134596
74.93647413160679 98.05121844400676
61.692190930097254 107.0804001693117
79.910921289144 110.49162501024014
98.59144738660143 143.72675803931705
70.49879854554334 98.47397198041031
163.19964103360954 252.55043681386329
172.9186663150598 262.0340989407551
1.0685242517527347 1.093457403460826
1.1459410155877165 1.2800690980569074
1.3209381972306475 1.3569034218668894
1.0 1.483505232306258
1.0967032967399268 1.5551904672156895
1.432382029205294 1.5812318412749258
1.7046053936176322 1.7354281256044508
1.4373923475616162 1.7709291523753088
1.6155742294554623 1.7837006419606831
1.5487030248118683 1.8641950985291853
1.9408385098854812 1.9374291906377457
1.8735108227158441 2.12769633563365
1.0153061224795918 2.143556494729705
2.226890756655462 2.3002797397212387
1.4328063245290512 2.491496754722373
1.4201842274026035 2.509895550073425
2.0707112330437156 2.631526770457311
2.1246031746690477 3.63654928135784
2.205119586400662 4.6050214462220005
4.22208528129309 4.78197637733284
3.110706450659045 5.045734996760465
3.523131269273753 5.8943055545373175
5.131114592411693 6.843938660361157
8.977639519363272 11.950420120264525
9.294193454818323 20.11496255907971
1.8161249821271466 1.803938472312166
11.070039188527765 15.315797188291555
93.68993972784808 119.2265781568892
1.124926657124451 1.2027950292331668
1.0 1.4659693045072837
1.0 1.5869211155042624
1.323529412 1.6189451205418033
1.0 1.6382534615366309
1.0 1.8412779907281285
1.269970029982018 1.9074014758524525
1.2857142856000001 1.998067974265084
1.00875 2.0461070767160234
2.156763824534917 2.691234866614912
2.533176182138417 2.7010624523455085
2.7590055468195267 3.083028055403632
2.077941176797479 3.233968927816857
2.8409158932433747 3.2761864015438245
2.9201988487755104 3.393612555920797
2.637173161092227 3.503770083589114
2.2831707392443663 3.5233023269552937
4.834859218701771 6.235759622856111
6.234900553682328 9.759257716824079
7.8956158129072 9.804785128864033
7.762725585975962 10.676015924365984
6.655054802263535 11.861661719257445
8.439999217082619 11.944864723067461
6.572955010990638 14.129548782765324
10.237120208759595 16.46910739922953
10.283141191407912 19.386750893191827
13.736130105745781 20.33386164532175
10.641680143383917 20.52750690716038
18.713604310602914 24.215976073892094
11.782722050537904 25.94668563551991
15.48180742139939 26.503658594598626
21.524911225107797 28.645166049756945
16.08608278073925 28.652428265955077
25.2846665786573 34.8693706966747
26.81962757405904 41.576787727612185
1.0 0.9885415765921464
1.0 1.0070458671845868
1.7300896468016558 1.1910539218154097
1.3819103971157791 1.3894586793449741
1.3793190636217871 1.5064829384329679
1.6690710173539596 1.7926752060714382
1.7183294888730671 2.0311783086151665
5.207446568157952 5.1580475626936515
16.777460728501747 21.87639215785481
4.3078259169331 6.68315940579874
5.4609692855931815 7.0058710077894775
7.08124480439068 9.843227728652934
10.608757530315872 16.45808965517724
1.0 0.979419783571795
1.0 0.9794197835791162
1.119999999925 1.1143389883000487
1.2834718982406017 1.2706248198042929
1.8795268034575199 1.877601377087874
1.8751238468942155 1.8793186267656663
1.4547928990763312 1.8965245922030949
1.8834783268462796 2.227462015863233
1.6847826085 2.294270308006784
2.3052714016246343 2.487809920556629
2.6560289107433883 2.641419988756733
2.8888657632006427 3.011104521950245
1.0 0.9771525215188188
1.3039176034616637 1.4646454223490302
1.5538579071384264 1.541346902699558
1.0 1.5835925804152
1.4403939057780801 1.5906456123831894
1.3577639752795032 1.647105450295732
1.6549124859086655 1.910911045192604
2.085087391980323 2.104194575083349
1.3204952943572545 2.248173029983908
2.5304898286119784 2.478509884262128
2.058021978015165 2.5960662025366275
2.1908793823439776 2.613992555172495
2.6326330531813724 3.590959684066784
2.616163924676828 3.801767704916842
3.0101785704868442 4.184633468400355
3.732275025970451 4.2918652289371
3.4897713197640123 4.330991574159016
2.861222024083941 4.763051661539959
4.120271690415105 5.966241149218856
7.710814914078886 9.265021380946372
4.5756954701682035 10.649814971405798
1.2844202902619566 1.2506043244157108
1.5958333330625 1.5645356624939544
1.428571429 1.9058474383707869
2.7390789850299306 2.1662159803065686
2.3278919223890377 2.6235298039570134
2.5048924391979637 2.8289532032225804
2.4094662317481483 3.0000131090400117
3.0420557092489027 3.2683508645231845
3.243449442898971 3.4278615952707003
3.7248788248511437 3.7444164509931377
3.2285714284 6.4261191034626535
5.558650599695352 6.558889994304808
7.49278731400611 11.186070643727513
6.982911503352296 12.346789088729265
10.1936538930709 14.088707829696498
42.71966306355756 61.79829539158278
34.02767085908196 65.28738291809442
44.56152238198054 68.39611573315193
1.0 1.01173991627767
1.0 1.0141079874643062
1.0 1.0189433605634977
1.0 1.0272151954562754
1.0175824175582417 1.02961248246183
1.0163742690982456 1.0451205222541886
1.0 1.0788858505302903
1.0206611570433883 1.1034107324044569
1.0648259303397358 1.1596955131416034
1.0962962962613756 1.231873272920728
1.3112925171960998 1.3266852892780387
1.461319930333042 1.7696976372419049
2.2454998874397405 2.299404770886368
3.060958658073646 3.104114023233155
4.057557354953723 3.5341621521122724
4.2899588941133215 3.908305487687519
3.042641402632457 4.0237970137592765
3.5157380779307412 4.2957603227823515
4.26109728788099 4.368750230832984
3.327535259338536 4.768714310388852
4.098880671649127 4.821837269530371
3.380986773511818 5.248746605314322
5.079066756267796 6.208276207526691
5.517746387039997 8.531319404369578
5.964319620341415 9.421051873687698
7.483817024216102 9.821827637040194
7.032526154644991 10.411336417643092
8.751312927132751 10.77220894241582
10.58563219187116 12.861242739729574
1.0 0.993134331910102
1.6158497899867368 1.0928001879054872
1.34090909125 1.344048677723438
1.3333333333242425 1.3513155092780718
1.7644053314822399 1.8860391534944132
1.306122449127551 1.9465206674436424
1.9655748662233288 2.394630910313291
1.7522699522373737 2.4683967788779406
2.118952202944563 2.8540954041168227
1.992228163312157 3.1097271175240704
3.654842631597428 4.770163387062102
1.2166666667500001 1.2558423559261285
1.6554621852310927 1.7193723775890934
1.758518518065926 1.8794981055919984
1.83571428545 1.9123839416365995
1.95474711528394 2.19758078356082
1.7231668820837256 2.8126803174246526
2.8498563465573343 2.8349391360370686
2.6612688070490913 3.784267491578072
4.637998398324437 5.449736042527134
1.0 1.063581647673867
1.117647059 1.4064000877420069
1.6428571428681318 1.6092346460149651
1.0 1.7449030395028098
1.796862842716348 1.7817008511844137
1.4251037848209767 1.898651665406268
1.9560149796802613 1.9419344489081725
1.7138888891250001 1.991310343485124
1.722943722853896 2.238289643433464
1.8417557933355613 2.3980356814805863
1.2116770697088266 2.51449376948763
2.305704218725673 2.6437216969108586
3.1021144483666396 3.2784431373621983
3.3649725852092356 3.994425109468005
3.3370174067389478 4.28384720336912
4.347286290743449 5.529179145250925
5.110661697774194 5.88647655967703
4.736614046364806 7.0649668794804406
6.637114249961237 7.546986637863912
4.841461761644339 8.558357761588582
4.555827977723601 5.388491979222263
7.211370653086115 8.8733574895403
33.365339087610074 41.420222751897285
10.256975847258586 12.986840249183548
15.476612504811998 19.20601001660205
15.690211632539729 22.902609159341264
46.29891215529594 59.383583186212775
118.63618477710827 152.67706020008987
1.0 0.9954387543672812
1.1561596301474841 1.1493039515437546
1.2042606513790728 1.3084436358054925
1.4236822000200025 1.8293326260687208
1.329552414884486 2.022112349519246
1.62260207117272 2.033223142328043
1.7608058601930945 2.0799677380534587
2.8312052088713413 2.9889261787852743
1.4846969696435608 2.9990186544466075
1.3375653757089307 3.1072043774289684
2.469869384894091 3.5089804875838797
2.8807681471582414 3.776230522815708
3.4843290052195237 3.8503201648472807
2.7102183130930997 4.380669774022048
3.0959220065727493 4.624059873379268
3.2792831637158617 4.6399365037114135
3.741054779358625 4.7740145012906
2.5191594228660192 4.914553723325367
4.437027422650044 4.921460767962974
3.929943484512154 4.926872660509907
3.652076861530792 5.015158846273911
3.7672854489652625 5.168758275346715
3.6680672259825475 5.421764711486134
5.100624457257203 5.999537913598777
4.607661377541183 7.034923302294414
3.475899909723502 8.232086924787431
3.242307691841597 8.507692955522971
7.790464483052019 13.716296054195206
5.581122434746596 4.6669526406823305
4.3887378197477735 5.1190287241665855
5.013704899204528 6.564054481379558
10.992324922335438 13.31519266805874
10.73316424745159 13.434397511690294
55.16801730400167 75.26396333540264
48.27948754949925 75.80851206663625
112.84889823274361 163.69536200480113
1.0 1.0436347360705986
1.6298076925961538 2.2412654921111517
1.4000000001760684 2.2955786427260656
1.4603004843830916 2.360801326782632
1.658193276875 2.6214851193943094
2.408653846229167 2.7601600667376927
2.680222088462855 3.7246190766977794
3.9115845878848243 6.022099620930287
7.066354128329274 8.697243132978668
7.144250316734745 9.668675374904598
6.965333313542972 10.003276324810106
6.768570864083169 10.475512696657503
7.969114212688514 10.949781051751845
1.1842105265 1.2076071448535908
2.2952029773767215 2.55867745708433
5.846908714101966 5.838044179613915
6.607092335069918 5.871312395911358
6.951842775167563 6.5623573278990746
8.123114038981615 11.128183207623891
12.971632829523662 17.845362340278847
18.17502451042414 19.808705241247058
15.930170701293841 22.641265105888014
112.16263076082103 172.49042719670214
120.53694252431212 180.96303393163998
130.19900165945322 202.01871376511482
1.9675628102357599 2.315771180872479
2.047609383963343 2.697331727823961
2.1662386187367666 3.0194029774887317
2.3931376805374382 3.465211609536506
3.4338590611254225 3.4963975901366977
2.3811254306359593 3.4972549069579366
3.793876541851301 4.029801027972978
2.533594566976019 4.343377819731897
3.812711024136538 5.072256431873559
4.910335673524355 5.916882796995796
9.38639024470371 10.226982210167467
1.7171155641621203 1.7287812271270802
1.7906047079433849 1.7883959233923596
1.7053005823465417 1.9479456749037447
1.6077823687550965 2.0548616170597067
2.1083333335375 2.1028648544549857
1.8365286950447135 2.378930885955061
2.4252513576892802 2.806234657479692
3.407557150700063 4.517964085936236
3.8643045675013505 4.894769967995214
4.9628308489786015 5.464208739814636
3.579321392071557 5.515296487898205
4.795570085589884 6.144693215255103
5.182616103603879 6.375199115862572
6.354166595999844 7.215660238708573
6.444459200712337 8.566647255653812
1.0 1.0214731109759354
1.0489372219668809 1.0721705245757724
1.105208333609375 1.1600097149383712
1.1882653056870747 1.213901883416746
1.2701298699549783 1.411121385569442
1.5219045663033217 1.6592270467576409
1.470342638389874 1.6935402338315881
1.6764353516453834 1.8342938964877296
1.637443919932953 2.0452929054777385
1.753174603423016 2.0491242781576497
1.2915266794392857 2.135374010628333
2.111128763284853 2.460620765661579
1.789473684 2.490117403577752
2.1232051279929487 2.5339690292871344
2.085257081925403 2.6459498395659176
2.2782629141173576 2.6460257790093604
2.1017901706370257 3.1839935225928717
3.7152246077312707 3.6292719030730014
4.321719955833122 3.9419439987849794
2.8558757133014234 4.41332960072713
4.010386542911989 5.543595084113909
4.2900416953323415 6.505805456036272
6.042009996565308 7.785329075833332
4.904997877809183 8.28522326958291
1.0432900433160173 1.2958339772785008
3.191621777825061 3.469480464206696
3.334587921762612 3.6705553787452647
2.268233324507646 4.10991908999516
3.7787098276551436 4.201937105523603
2.901185435612642 4.467310776606769
4.037120299876045 4.674210708954321
5.8313904081434345 7.596226376363621
1.0 1.027215195456251
1.0 1.0272151954574311
1.9470899469179894 1.4593618500234644
1.4351172051962369 1.4656851579387622
1.5119095912633234 1.5601095606287658
1.4274413687183403 1.5855836094808404
1.1586538459246796 1.7452177686226544
1.0 1.8726114842991364
1.0 1.9077188545675123
1.0 1.9077188545675627
1.0 1.9284494578906053
1.0 1.9413325372115224
1.8451597739690053 1.9574257794865249
1.0 2.015519960093929
1.2121212118674243 2.121334644320785
1.2403567446374582 2.1497691209050442
1.210526316 2.1518723205187253
1.7056906726922845 2.64112201432129
1.7358523831564905 2.881612287346024
1.9227691079402962 3.712439930420965
2.078869464075816 3.994104465370661
5.40633445170168 5.316554999761672
4.441108560345143 6.095605818305431
8.683375885981235 12.721463772316758
10.998264158110306 18.69570634695257
9.263956408870252 13.569847006477131
10.450465406583897 15.420486656602078
16.242606782408476 25.346205322389093
28.109117455704098 35.182636131895784
1.119166666645 1.4706972232631081
3.977001920327067 3.958893605881311
4.949633701109134 7.185836276427662
5.111755923981492 8.3852494592782
7.8499327432578125 11.406227136916854
1.382406462138704 1.6508235655712626
1.473611111075794 1.7943962108353593
2.5625981069441766 3.0551521268057584
2.7422874371534527 3.1347343175720197
3.6194089804701326 4.647073311482452
4.379139999468014 5.168649143344383
5.10221218496853 6.133167367619174
14.298000200798027 17.93826206509238
22.588514987422105 30.92220871216372
2.0 0.9525563824726077
2.0 0.9569818978504608
2.0 0.9681358387075742
2.0 0.96819907921139
2.0 0.9794197835717596
2.109375 1.08226310432719
2.20571428592 1.1777768788365386
2.55476190485 1.5195004508539567
2.5873882312051406 1.5918143697068747
2.423925197906468 1.67748211947354
2.6284565105620916 1.7677109833268196
2.933333333 1.9104498714043607
2.5896531766844366 1.949563158130748
3.0266666662 2.0083028121738447
3.2947261662625 2.7130708459728616
3.7010404165336737 3.1312051538475414
3.375160196710169 3.2281858260421163
3.7961355308283884 3.5470853241655798
4.045873734402026 4.227683906252821
4.650380132571449 4.776571159645127
5.948060068248612 6.1009648087288895
6.296126402591725 7.369720805280812
6.912189946121632 8.037502085329196
5.922301281700351 8.531754150037807
7.462236577866896 9.592088359831825
8.456036290126427 10.703781403855269
7.84853421166407 10.79834390131332
7.153059822349818 12.81466441297957
1.0 1.0214731109759494
1.22689075605042 1.3374652997003005
1.8594919794390374 2.0262680948497542
1.424242423581818 2.485980176472641
1.383557991738947 2.7135363626357383
3.159357896875182 4.054958470404759
2.3066666667755316 4.450001814259578
2.5123041557534944 4.844773064776706
5.234396660360608 5.012524361577113
2.88191304333 5.844386254912994
3.804538941300652 6.105989087752517
3.0187028653712416 6.168834938082617
3.469458238826076 6.207792857456328
4.4463074089540395 6.8363147755524505
6.196332453060447 7.050221305363302
7.901641737642226 13.368762295299227
7.753689083327256 13.6015052576761
10.424558441539265 14.942959334142936
10.967819645740853 16.450470008749313
12.268380636865416 20.17683207782622
28.794037199107546 51.850670218486
32.559872320048186 58.4964797489459
47.00722325732113 83.26311374878054
47.89287264095679 87.30260032339811
1.0 1.0070458671850413
1.174736495137791 1.1807980311351935
2.0516520529161157 2.8796069485548856
3.5574199831424833 3.9587970083053685
3.207251653818094 4.064662053972695
4.586946762378232 6.0965673160186205
6.325414323386881 7.589030271088943
5.957625855997981 9.511271116517358
2.4692791011275137 4.14409098078866
4.32475857444115 6.508405458112562
4.5870450477017135 6.706993115071308
16.89741195404799 28.43148587584065
112.5463757282522 185.61464572333688
657.1335006959173 1110.1802627206953
4.301715276197592 3.62635275064031
4.488888888911111 4.286962574233319
5.330864893215256 5.123575972616019
5.613641885605892 6.146000823940139
6.678664082044563 6.339233558682199
6.4850371845204995 6.7902690080884645
6.691885117034877 6.876487084553715
7.31954900492406 7.222756724060244
7.611292372486729 8.025768708150535
7.654804026557823 8.699611555723441
6.552097763566996 9.186093838290738
8.395516216720495 9.854086884369622
8.74184396709257 11.096185223680227
5.993952249020849 12.688153679827886
14.781258393213312 21.82915035457076
8.009458003785738 73.29281613309305
1.015837103947964 1.0276886063589747
1.0933333334466666 1.0691000182001933
1.0 1.3762775668387988
1.0 1.4554199638765883
1.430579710219384 1.7183397955707769
1.0692640691601731 1.9075983563135883
1.71288203972448 1.992952479548989
1.5031516025228433 2.2501624857246068
1.2853910790073528 2.340812573111062
2.416553784550623 2.45889736365002
2.2276730950628383 2.6006449488227688
2.2664918409809833 2.6730295734190994
2.4627657587913268 2.8794624383261227
2.598423475022128 2.9211250588206514
2.1919629385459753 2.942678764108511
2.654074070167626 3.1267322661939416
2.510231726836233 3.322541078257923
2.778713493373678 3.716217963850932
2.6613351565758947 3.911801412323968
3.2975187448265038 4.101114452674961
4.15187298328186 5.1966051573846865
4.906138378897728 5.2177382722151675
4.591283942498061 5.5783741766745925
3.7608915485372143 5.619238021968188
5.213502527780989 7.417803816880398
4.556439149549303 7.620770641944381
6.893834224495598 9.28468576569948
6.542776847102426 9.373974155852109
1.267932068467932 1.465007444746259
1.0 1.9624232688674097
1.0 1.96752300348748
1.0 1.9950757863172344
1.0 2.001922621704571
1.069930070104895 2.046238622892228
1.2399145297189744 2.2165228715252745
1.38529411735 2.3483098282178445
1.6209987883946293 2.5568251393755106
1.140625000140625 2.605441442091272
1.6800184435867835 2.7318059955591423
1.4085909960165492 2.7734333827934248
1.434808612375 2.8008512435445247
1.741758242 2.855605372321606
1.5249116103072977 3.044850981877995
1.5101449276033128 3.132710013875919
1.6666666669999999 3.290910782394078
2.1298604468774323 3.520687365013666
3.7157047596336663 4.613838082827933
6.065316216145683 12.403506660489645
5.856641709097634 13.353623736763033
9.261230858999864 19.477843862348106
11.74591864048976 25.7740557078308
1.0 1.0070458671847198
1.0 1.0093876052717587
1.0 1.1335412126115072
1.0 1.1781711026633452
1.375 1.5387272428557273
1.9264836599555555 1.9321436675991996
2.0316666672375003 2.0532314051634453
2.116328454124006 3.805607400991721
4.172632579577152 6.5438901691531095
6.406942524019375 8.189613291868895
5.446766900191255 8.623144622749393
48.236146190362746 64.72024273891725
53.001810997115726 77.44368902831006
126.23287179998553 175.50836003053692
1.176470588 2.1495103692875697
2.13690476185 3.1685351944422795
2.0857380718226013 3.2921816507086183
2.363258001912627 3.3415521515682287
2.507886077884524 3.5990292051256088
2.235352675421038 4.15644226001735
2.4862711125406127 4.880133057857371
3.192072214705766 5.160740541278472
2.357311061714672 5.728359779028097
3.478700797579358 5.763588732657844
2.7737651183895378 6.200141483452041
4.081892397666444 6.914184932681504
3.381480229862709 7.129195231383736
3.978771525507899 7.211201699849973
5.0629610572347685 7.553263673149068
4.267791704183929 7.733761007838075
5.216702862277486 8.063238470871761
5.57383736495061 8.39530953165999
5.815906218364181 8.513295325048926
6.8962169694608 8.558563890703947
6.801685256460407 9.399614512247668
6.6315209649252465 9.434632068659015
7.451310107731431 9.63104984550226
8.297954589385336 11.349795437412924
8.103668770495837 12.346388984051616
8.116559636960355 12.553064233593114
8.960618040324267 13.316414906444404
9.963986306000745 13.85901418977991
10.55040332306007 14.383255306298752
11.427036483732982 17.683233391191674
14.56518022823545 20.996955316489622
16.77621304351832 23.86765999953
25.58994459592698 34.7578300531437
22.950933080093197 37.26253644022465
29.28944252450556 40.30902047272914
1.478603749287395 1.6786984371503528
1.7011171434733772 2.1953144217286757
2.309324008329737 3.5849011531648824
13.971101109677075 19.60573493507681
17.582675619258854 23.47647778636773
30.237808685231244 44.20030600694562
36.18736073424785 49.677642880439386
39.68342675440836 55.25789925978528
52.51975972659213 72.85014731469165
55.431292211712965 77.28148142088855
51.745562951706745 81.28094608438565
130.2490319701269 219.02459907615676
8.907404834693848 8.149458916598746
8.222799399618873 9.046895340773624
8.04556360522069 9.088446976996764
8.17473842623803 9.324259511901012
8.14646464672653 9.767809396075421
9.407127851429856 9.848271878777313
8.267367552982513 9.939261637139696
10.375477463819948 10.867371969513568
9.403437772825272 11.308887076876548
11.067972984159962 11.399859021964678
9.498151056087282 11.45557630960387
10.924332277033129 12.360069179442446
13.135335246468012 13.947582510320592
14.043601401073598 15.441515880496905
15.842180125467962 19.243319579348253
5.4241340689500515 7.123255874765012
27.80382908853878 35.93726277462006
1.0 1.0117399162774834
1.337386877582579 1.014107987537776
1.0 1.0165022031204562
1.0 1.0241748279787424
1.1632916175970522 1.0456823290885378
1.0672268904985995 1.0761529382534836
1.087301587212963 1.103966468252025
1.066176470625 1.2387862255637831
1.0462184870882354 1.2708099666196826
1.5128694579643576 1.454629113741711
1.1059076266118153 1.6221205903015343
1.1453416147614908 1.6636790240956425
1.4815476188523808 1.6649239278110022
1.2051282049059828 1.700650358318222
2.0380939849893065 2.232000350418429
1.524182439768976 2.3531295715013845
1.7637721754098972 2.3904103694802274
1.936666472501574 2.499357622936544
1.277056276647619 2.7397643255368638
1.56023550740625 2.830183594821924
1.5574445151808824 3.0109453488060893
2.581573856741603 3.5878121100191693
3.1117441179288985 3.601852490630648
3.7478643812696557 4.43758988305972
3.043191085128449 4.67149117222459
3.240451374239019 4.675789218093676
4.630347237682983 6.597126996622977
