1.0 1.0025597295850095
1.0 1.0028260125439443
1.0 1.003625605935942
1.0 1.003625605935942
1.0 1.003892608592178
1.0 1.003892608592178
1.0 1.0044286908168216
1.0 1.0044286908168216
1.0 1.0052552672504325
1.2857142861428572 1.289239920195164
11.4666666668 12.372351121402273
11.3 12.380391683949735
12.293333334600002 12.80667925859783
12.384615385 13.310140625640882
12.533333333 13.387854507036652
13.0 13.819599127008575
13.0 13.848145027105565
13.0 13.875512211899045
12.75 13.959699754986687
13.0 13.987489122238074
12.846153846 14.070122008027392
13.0 14.167104384772436
13.0 14.28792826725354
13.0 14.342722171361446
13.0 14.53628111454891
30.0 36.08775750332706
28.875 36.313743741565474
28.2000000014 36.8371705818454
30.0 37.683906062130426
29.376190475999998 38.011681513915306
29.65 39.316616259052026
33.692307692 41.201468167700796
33.789473684 41.40400067428647
1.0 0.9991048262248146
1.0 0.9991048262248146
1.0 0.9993701625788308
1.0 1.0001665945534697
1.0 1.0001665945534697
1.0 1.0001665945534697
1.0 1.0009636615789423
1.0 1.0009636615789423
1.0 1.0009636615789423
1.0 1.0012294920415323
1.0 1.0012294920415323
1.0 1.001495393555629
1.0 1.001495393555629
1.0796930344191262 1.0803531270444104
32.285714286 43.32440800711176
32.272727273 43.419776879727316
33.0 43.792673126188724
32.666666667 43.83048728971061
35.1671826597451 45.66956227287754
36.384615388 48.386458052266654
28.625 39.69970091364503
30.0 41.30095886572135
32.12605042005042 42.165922265606156
31.584415583 42.22499064129188
32.466666668 43.10775241993784
1.0 0.9969846699658722
1.0 0.9969846699658722
1.0 0.9969846699658722
1.0 0.9972494432578336
1.0 0.9975142868667056
1.0 0.9975142868667056
1.0 0.9983092397819432
1.0 0.9985743648457504
1.0 0.9988395603203176
1.0 0.9983092397819432
1.0 0.9985743648457504
1.0 0.9988395603203176
1.0 0.9988395603203176
1.0 0.9988395603203176
1.0 0.9991048262248146
1.0 0.9993701625788308
1.0 1.0012294920415323
1.08666666645 1.0875527463019536
1.8210526318491227 1.820580012275752
1.0 1.0017613665941096
1.0 1.002293531863021
1.0 1.0025597295850095
1.0 1.0028260125439443
1.0 1.0028260125439443
1.0 1.0028260125439443
1.0 1.0030923953117974
1.0 1.0030923953117974
1.023219814233746 1.0260127237942436
1.0 0.9988395603203176
1.0 0.9991048262248146
1.0 0.9996355694028738
1.0 0.9996355694028738
1.0 1.0001665945534697
1.0 1.0001665945534697
1.0 1.000432212938783
1.0 1.0009636615789423
1.0 1.0012294920415323
1.0 1.0012294920415323
1.0 1.0017613665941096
1.148076923225 1.1497362585566009
1.307692308 1.3100796635729672
1.509401709774359 1.5112821925978304
1.652173913 1.6519687600067656
1.6951871653850268 1.6953024257246083
1.714285714 1.7136630904447028
1.72 1.7193646861629892
1.789473684 1.7889499135245075
2.0 1.9985431099472168
2.0 2.0028075108270644
1.0 0.9948690128004528
1.0 0.9953975058245952
1.0 0.9956618576068496
1.0 0.9964553342580962
1.0 0.9964553342580962
1.0 0.9964553342580962
1.0 0.9967199669722008
1.0 0.9967199669722008
1.0 0.9967199669722008
1.0 0.9972494432578336
1.0 1.0009636615789423
1.0 1.0009636615789423
1.0 1.0009636615789423
1.0 1.0012294920415323
1.0 1.001495393555629
1.0 1.001495393555629
1.0 1.0017613665941096
1.0 1.0017613665941096
1.0 1.0017613665941096
1.0 1.002293531863021
1.0 1.002293531863021
1.0 1.0025597295850095
30.0 37.89624995983103
29.0 37.93944414688197
30.0 37.989911094784546
28.78666666518118 38.19670315142447
29.2 38.58026494378856
30.403333333076667 38.87050992300545
30.4307692312 38.89885916701419
30.0 38.96389219965467
30.818181818532466 39.20501030025828
30.449498327777928 39.39854500050868
32.181818181 40.00558635406939
31.432653062204082 40.054603895401186
31.714285713 40.40158096451066
32.769230769 43.08993073158659
13.0 11.751343340686345
12.133333333 11.965987287924529
13.0 12.092193555257664
13.0 12.147140186935994
13.0 12.147140186935994
13.0 12.16168306217754
13.0 12.191863855729688
13.0 12.20752492148603
13.0 12.223575536931474
13.0 12.902348302562087
13.0 12.912827056332462
13.0 12.936090119452784
30.0 37.89624995983103
29.0 37.93944414688197
30.0 37.989911094784546
28.78666666518118 38.19670315142447
29.2 38.58026494378856
30.403333333076667 38.87050992300545
30.4307692312 38.89885916701419
30.0 38.96389219965467
30.818181818532466 39.20501030025828
30.449498327777928 39.39854500050868
32.181818181 40.00558635406939
31.432653062204082 40.054603895401186
31.714285713 40.40158096451066
32.769230769 43.08993073158659
1.0 1.000432212938783
1.0 1.000432212938783
1.0 1.0009636615789423
1.0 1.0025597295850095
1.0 1.0028260125439443
1.0 1.0030923953117974
1.0 1.0030923953117974
1.0 1.0030923953117974
1.0 1.0033589070215203
1.0 1.0044286908168216
1.0 1.004699169609634
1.0909090909999999 1.0939678062337233
1.2 1.2035527198165166
1.275862069 1.27973405397919
1.325 1.328038929718503
1.349999999875 1.3537353469171216
1.6666666669999999 1.6719095823850918
1.947368421 1.949496864512961
2.0 2.0064513023333177
2.263990753197671 2.2643041946514213
1.2608695650000001 1.263982233111462
1.272727273 1.2758163056105998
1.5 1.5041074861380033
2.0 2.005392352395764
2.0 2.0059286616511662
2.0 2.0089802993796555
2.0 2.00994459189205
2.0 2.00994459189205
2.0 2.0146067493158237
2.0 2.02640562460108
2.0 2.02640562460108
2.0 2.0450694275629835
2.0 2.0450694275629835
2.0 2.06089271256069
2.0 2.06089271256069
2.0 2.468837387647623
2.0 2.6580308875776275
2.0 2.738536961277522
2.0 2.738536961277522
2.0 2.8045412093810995
2.0 2.94138895595732
2.0 2.955210421704325
1.0 1.0009636615789423
1.0 1.001495393555629
1.0 1.001495393555629
1.0 1.0017613665941096
1.0 1.0020274120843988
1.0 1.0033589070215203
1.0743801653955136 1.0760659520610434
1.0 1.000432212938783
1.0 1.000432212938783
1.0 1.000697901922082
1.0 1.0012294920415323
1.0 1.0012294920415323
1.0 1.0017613665941096
1.0 1.0017613665941096
1.0 1.0017613665941096
1.0 1.0017613665941096
1.0 1.0020274120843988
1.0 1.0020274120843988
1.0 1.002293531863021
1.0 1.0025597295850095
1.0 1.0028260125439443
1.0 1.000432212938783
1.0 1.000432212938783
1.0 1.000697901922082
1.0 1.0012294920415323
1.0 1.0017613665941096
1.0 1.0017613665941096
1.0 1.0017613665941096
1.0 1.002293531863021
1.0 1.0030923953117974
31.384615386 43.824348719854214
33.0 45.40082379016635
33.0 45.88827407794725
32.78020833317187 46.80692278731409
33.0 47.60406971310546
33.0 49.30848057210584
33.0 49.33577248322246
40.7833333315 55.60527969414135
5.857142860000001 5.269138770275896
10.142857144 9.933642204563103
11.5 11.246092259871576
11.857142856 11.616698395401189
11.879999999999999 11.685955011984051
12.157894736 11.931058199960807
13.0 12.968266387905024
12.6875 13.020407610363815
12.8 13.10738448314014
13.0 13.368896285529125
18.051136363920456 19.646535707855165
21.103896115740262 23.606142982757817
23.2599999973 26.120758144404874
24.999999991 28.427497650204682
36.556521729986954 42.64710240676026
37.0 44.21955460746511
37.0 44.47418742066
37.0 44.519210747080535
1.0 0.9975142868667056
1.0 0.9985743648457504
1.0 0.9991048262248146
1.0 0.9991048262248146
1.0 0.9991048262248146
1.0 0.9991048262248146
1.0 0.9993701625788308
1.0 0.9993701625788308
1.0 0.9999010467191144
1.0 1.0001665945534697
1.0 0.988811472769038
1.0 0.988811472769038
1.0 0.988811472769038
1.0 0.9964553342580962
1.0 0.9964553342580962
1.0 0.9972494432578336
1.0 0.9977792008111764
1.0 0.9980441851100372
1.0 0.9980441851100372
1.0 0.9980441851100372
1.0 0.9985743648457504
1.0 0.9993701625788308
1.0 0.9996355694028738
3.0 3.0032852048184724
3.0 3.0292812081650844
3.0 3.0347257597056787
3.0 3.1177405839009467
3.307692308 3.311683214930877
3.0 3.661514262800807
3.0 3.769678858187768
3.0 3.8128338678523286
3.0 3.9738043207345997
12.375 12.48036900693216
12.625 13.268395131812005
13.0 13.567700938111047
13.0 13.58609436943146
13.0 13.758717898043658
13.0 13.819599127008575
13.0 13.939535325691145
13.0 13.974227673395607
13.0 14.034073044347734
13.0 14.954977573916173
1.0 0.9953975058245952
1.0 0.9956618576068496
1.0 0.9956618576068496
1.0 0.9961907718049527
1.0 0.9967199669722008
1.0 0.9967199669722008
1.0 0.9977792008111764
1.0 0.9977792008111764
1.0 0.9983092397819432
1.0 0.9988395603203176
1.0 0.9991048262248146
1.0 0.9993701625788308
1.0 0.9996355694028738
1.0 0.9988395603203176
1.0 0.9996355694028738
1.0 0.9996355694028738
1.0 0.9996355694028738
1.0 0.9996355694028738
1.0 0.9996355694028738
1.0 1.0001665945534697
1.0 1.000697901922082
1.0 1.000697901922082
1.0 1.000697901922082
1.056818181931818 1.0566143202295557
1.09374999975 1.0927297532157838
1.0994897960637755 1.0994595424412177
1.2769230768 1.2765202752681648
2.3290709297602397 2.4714618486787456
3.709192122571954 4.0873903228219834
4.0000000015 4.453748384377646
4.4475 4.9621985104279345
5.571237457054803 6.335446516621907
1.0 0.9935490075231675
1.0 0.9961907718049527
1.0 0.9961907718049527
1.0 0.9961907718049527
1.0 0.9967199669722008
1.0 0.9969846699658722
1.0 0.9972494432578336
1.0 0.9977792008111764
1.1085972854479638 1.0599788923126574
2.878959276074095 2.032092404215436
2.466666667 3.011397648554274
2.2608000013786667 3.1551217573995376
1.8499399781584633 3.3749029970199182
2.825910931902834 3.40005303718469
2.58000000014 3.4279207308943467
3.7148228597337662 3.8609139198601747
4.263768114130435 4.025488831198887
2.2467532475012986 4.12653960651366
4.26726190527619 4.4868266634397385
5.097432897599754 4.606384627905314
5.297071554055411 4.684539446133861
9.526310387126856 7.436769280880608
7.391254180905419 8.286898615680082
10.628709070139756 11.571039869240014
5.810435577644471 12.429572289505565
11.58007151194412 12.50024358710268
12.156211180249999 13.095548796860507
1.0 0.9996355694028738
1.0 1.0001665945534697
1.0 1.0001665945534697
1.0 1.000432212938783
1.0 1.000432212938783
1.0 1.000432212938783
1.0 1.000432212938783
1.0 1.000697901922082
1.0 1.000697901922082
1.0 1.0009636615789423
1.0 1.0009636615789423
1.0 1.001495393555629
1.0 0.9983092397819432
1.0 0.9985743648457504
1.0 0.9985743648457504
1.0 0.9988395603203176
1.0 0.9991048262248146
1.0 0.9991048262248146
1.0 0.9993701625788308
1.0 0.9993701625788308
1.0 0.9999010467191144
1.0 0.9999010467191144
1.0 1.0001665945534697
1.0 1.0001665945534697
1.0 1.000432212938783
1.4666666670000001 1.4644879000775537
1.857142857 1.8538518060635631
2.0 1.990889326810418
2.0 1.9915367446932808
2.0 1.992125017430024
2.228070175754386 2.222236507548933
2.4081730772000003 2.4037101287564586
1.0 0.9983092397819432
1.0 0.9988395603203176
1.0 0.9988395603203176
1.0 0.9991048262248146
1.0 0.9991048262248146
1.0 0.9991048262248146
1.0 0.9991048262248146
1.0 0.9993701625788308
1.0 0.9993701625788308
1.0 0.9996355694028738
1.181818182090909 1.180494983542767
1.0 0.9977792008111764
1.0 0.9977792008111764
1.0 0.9991048262248146
1.0 0.9991048262248146
1.0 0.9991048262248146
1.0 0.9991048262248146
1.0 0.9993701625788308
1.0 0.9993701625788308
1.0 1.0012294920415323
1.0 1.0017613665941096
1.0 1.0017613665941096
1.0 1.002293531863021
1.0 1.0028260125439443
1.0 1.0030923953117974
1.0 1.003892608592178
1.0 1.003892608592178
1.0 1.0044286908168216
1.0 1.0052552672504325
1.0 1.0055520868579484
1.0 1.0001665945534697
1.0 1.0012294920415323
1.0 1.0012294920415323
1.0 1.0012294920415323
1.0 1.0017613665941096
1.0 1.0020274120843988
1.0 1.002293531863021
1.0 1.002293531863021
1.0 1.0028260125439443
1.0 1.0033589070215203
23.0 31.176082349421378
23.0 31.532980145245556
23.523809523361905 31.75047987688168
23.0 31.978155766025157
23.0 33.48215177860428
24.592760183746606 34.017166644762824
23.0 34.07694037301592
23.0 34.604871769005804
26.0980392185 37.90761629738118
1.0 0.9977792008111764
1.0 0.9999010467191144
1.0 1.0001665945534697
1.0 1.000432212938783
1.0 1.000697901922082
1.0 1.0009636615789423
1.0 1.001495393555629
1.0 1.001495393555629
1.0 1.0017613665941096
1.0 1.0030923953117974
1.0 1.003625605935942
1.0 1.003625605935942
1.0 1.003892608592178
1.0 1.000697901922082
1.0 1.000697901922082
1.0 1.0012294920415323
1.0 1.001495393555629
1.0 1.002293531863021
1.0 1.0030923953117974
1.0 1.003625605935942
1.0 1.003625605935942
1.0 1.003892608592178
1.0 1.0041601481072082
1.5 1.5033123887523367
2.0 13.567700938111047
2.0 14.045680360724841
2.0 14.104641514899097
2.0 14.141541173598846
2.0 14.207220361316105
2.0 14.554736172483661
1.0 1.000697901922082
1.0 1.000697901922082
1.0 1.0009636615789423
1.0 1.0012294920415323
1.0 1.0012294920415323
1.0 1.001495393555629
1.0 1.0017613665941096
1.0 1.0020274120843988
1.0 1.002293531863021
1.0 1.0030923953117974
1.0 0.9996355694028738
1.0 0.9999010467191144
1.0 1.0020274120843988
1.8888888896 1.8886139631684649
1.2278106510739646 39.44382257504982
1.5999999999641026 41.03143700576018
1.0 41.313506157340704
1.21153846175 41.42170429612553
1.0606060609030303 41.70222725187047
1.0 42.101762955741755
1.0 42.3673307895999
1.0 42.38372949916435
1.0 42.62695920661917
1.5563025203697478 1.5580793090944618
2.5999999989999996 2.6030053476828394
3.307692308 3.3243889948990692
3.3333333339999998 3.3418044767770265
3.538461538 3.5513883291368242
3.714285714 3.7290725389794033
3.7272727270000003 3.735506826318997
3.466666667 3.9983885073018897
4.0 4.018192010664206
4.0 4.021381029183324
3.933333333 4.267138584276636
1.933333333 1.9400265073459
2.0 2.0049966462964197
2.0 2.008159671117135
2.0 2.0111239620959624
2.0 2.0111239620959624
2.0 2.0126250544455835
2.0 2.0450694275629835
2.0 2.0450694275629835
2.0 2.06089271256069
2.0 2.1150788939380214
2.0 2.1583985138043262
29.0 36.51465705079831
29.0 37.00210881599161
29.0 37.080510406830015
29.0 37.11187090434821
29.592592592410583 38.16092367218897
28.866666667 38.4058800911029
29.7712184863125 38.74811578235408
30.114285714707144 38.96671488894357
29.0 39.70778074749468
29.0 39.85847280864249
31.434782607663767 40.65257508010886
1.0 6.844291951334065
1.0 7.0070032646895335
1.0 11.534505802447569
1.0 11.955077623614486
2.0 16.885888166902813
1.0 0.993812868392176
1.0 0.99434080037263
1.0 0.9946048715213006
1.0 0.9946048715213006
1.0 0.9948690128004528
1.0 0.9959262795940874
1.0 0.9961907718049527
1.0 0.9967199669722008
1.0 0.9967199669722008
1.0 0.9969846699658722
1.0 0.9972494432578336
1.0 0.9975142868667056
3.0 3.0089613260772787
3.0 3.0249678930642023
3.0 3.1466199024857957
3.0 3.332161309122721
1.0 0.9959262795940874
1.0 0.9959262795940874
1.0 0.9959262795940874
1.0 0.9961907718049527
1.0 0.9964553342580962
1.0 0.9967199669722008
1.0 0.9969846699658722
1.0 0.9969846699658722
1.0 0.9972494432578336
1.2448979592448979 1.2426367379987109
1.0 1.000432212938783
1.0 1.000697901922082
1.0 1.0020274120843988
1.0 1.0028260125439443
1.0 1.0028260125439443
1.0 1.0030923953117974
1.0 1.0033589070215203
1.0305882352650981 1.0326613887993903
1.0 0.9967199669722008
1.0 0.9967199669722008
1.0 0.9972494432578336
1.0 0.9972494432578336
1.0 0.9977792008111764
1.0 0.9983092397819432
1.0 0.9985743648457504
1.0 0.9985743648457504
1.0 0.9985743648457504
1.0 0.9988395603203176
1.0 0.9988395603203176
1.0 1.001495393555629
1.3560439563406594 1.3544347998148698
1.5510204081938777 1.549166865097166
1.0 1.000697901922082
1.0 1.0009636615789423
1.0 1.0009636615789423
1.0 1.0012294920415323
1.0 1.0012294920415323
1.0 1.0012294920415323
1.0 1.001495393555629
1.0 1.0017613665941096
1.0 1.0017613665941096
1.0 1.002293531863021
1.0 1.002293531863021
1.0 1.003892608592178
1.0 1.0044286908168216
1.0 1.000697901922082
1.0 1.001495393555629
1.0 1.0020274120843988
1.0 1.002293531863021
1.0 1.002293531863021
1.0 1.002293531863021
1.0 1.0025597295850095
1.0 1.0025597295850095
1.0 1.0028260125439443
1.0 1.0028260125439443
1.0 1.0030923953117974
1.0 1.0030923953117974
1.0 1.003625605935942
1.581027667486166 1.5843198282767537
2.3643076917599997 2.3726110851903157
1.0 0.9993701625788308
1.0 0.9993701625788308
1.0 0.9993701625788308
1.0 0.9993701625788308
1.0 0.9999010467191144
1.0 0.9999010467191144
1.0 1.0001665945534697
1.0 1.0001665945534697
1.0 1.0001665945534697
1.0 1.0001665945534697
1.0 1.000432212938783
1.0 1.000432212938783
1.0 1.000432212938783
1.0 1.000697901922082
1.0 1.000697901922082
1.0 1.0009636615789423
1.0 1.0009636615789423
1.0 1.0009636615789423
1.0 1.0012294920415323
1.0 0.9969846699658722
1.0 0.9969846699658722
1.0 0.9972494432578336
1.0 0.9980441851100372
1.0 0.9983092397819432
1.0 0.9983092397819432
1.0 0.9985743648457504
1.0 0.9988395603203176
1.0 0.9991048262248146
1.4545454545 1.4515826496185702
1.0 1.0001665945534697
1.0 1.0001665945534697
1.0 1.0009636615789423
1.0 1.0012294920415323
1.0 1.001495393555629
1.0 1.0017613665941096
1.0 1.0025597295850095
1.0 1.0028260125439443
1.0 1.003625605935942
1.0 1.0041601481072082
1.3529411759999999 1.3547497535575257
1.666666666 1.6816278364146142
7.300000000000001 8.898099042981045
8.388571429 10.986520829538712
13.511538474250003 17.878818409094244
20.218487383 26.125169747898003
28.857142853000003 38.283302553069475
1.0 0.9996355694028738
1.0 1.0001665945534697
1.0 1.000432212938783
1.0 1.000432212938783
1.0 1.000697901922082
1.0 1.0009636615789423
1.0 1.0009636615789423
1.0 1.0009636615789423
31.75 44.791485335785005
31.642857143 45.10420632332029
34.96218487696218 48.413329324299994
39.3125 51.31238130655017
44.1875 57.35328810996249
1.0 0.9988395603203176
1.0 0.9996355694028738
1.0 0.9985743648457504
1.0 0.9991048262248146
1.0 0.9991048262248146
1.0 0.9993701625788308
1.0 0.9993701625788308
1.0 0.9996355694028738
1.0 0.9996355694028738
1.0 0.9999010467191144
1.0 1.0001665945534697
1.0 1.0012294920415323
1.0 1.001495393555629
1.7499999999375 1.7533490013868138
23.0 31.176082349421378
23.0 31.532980145245556
23.523809523361905 31.75047987688168
23.0 31.978155766025157
24.1153846152 33.45746701845541
23.0 33.48215177860428
24.592760183746606 34.017166644762824
23.0 34.07694037301592
23.0 34.604871769005804
26.9090909085 36.23685904267413
1.0 1.0025597295850095
1.0 1.0030923953117974
1.0 1.0033589070215203
1.0 1.003625605935942
1.0 1.0041601481072082
1.0 1.0041601481072082
1.0 1.0041601481072082
1.0 1.0044286908168216
1.0 1.0049734506909442
1.0 1.0055520868579484
1.0 1.0062654107097604
1.0242424243878787 1.0310695090035018
1.0 0.9969846699658722
1.0 0.9969846699658722
1.0 0.9969846699658722
1.0 0.9972494432578336
1.0 0.9977792008111764
1.0 0.9988395603203176
1.0 0.9988395603203176
1.0 0.9993701625788308
1.0 0.9996355694028738
1.0 0.9996355694028738
1.0 0.9996355694028738
1.0 0.9996355694028738
1.0 0.9999010467191144
1.0 1.0001665945534697
1.0 1.0001665945534697
1.0 1.000432212938783
9.705882352 8.801980735132974
10.5 10.220330249609908
12.133333333 11.965987287924529
12.157894736 12.53127487168096
13.0 12.902348302562087
13.0 12.912827056332462
13.0 12.936090119452784
12.692307692 13.267518665828936
1.0 0.988811472769038
1.0 0.9895994908013226
1.0 0.9898623027810434
1.0 0.9898623027810434
1.0 0.9898623027810434
1.0 0.9901251845568256
1.0 0.9901251845568256
1.0 0.990651157570679
1.0 0.990651157570679
1.0 0.9909142488458506
1.0 0.9909142488458506
1.0 0.9911774099912332
8.0 9.727904015344581
10.5 11.325285062673144
13.0 13.653516690623718
12.272727272000001 13.831423147493528
13.0 13.963386163090432
13.0 14.207220361316105
1.0 0.9959262795940874
1.0 0.9959262795940874
1.0 0.9969846699658722
1.0 0.9972494432578336
1.0 0.9972494432578336
1.0 0.9972494432578336
1.0 0.9972494432578336
1.0 0.9977792008111764
1.0 0.9977792008111764
1.0 0.9977792008111764
1.0 0.9980441851100372
1.0 0.9980441851100372
1.0 0.9980441851100372
1.0 0.9980441851100372
1.0 0.9985743648457504
1.0 0.9988395603203176
1.0 0.9988395603203176
1.0 0.9993701625788308
1.0 1.000432212938783
1.0 1.000432212938783
1.0 1.000432212938783
1.0 1.000697901922082
1.0 1.0012294920415323
1.1714285711999999 1.1730436050849693
1.0 1.0012294920415323
1.0 1.0012294920415323
1.0 1.0017613665941096
1.0 1.0017613665941096
1.0 1.0017613665941096
1.0 1.0017613665941096
1.0 1.0017613665941096
1.0 1.0020274120843988
1.0 1.0020274120843988
1.0 1.0020274120843988
1.0 1.0028260125439443
1.22909090896 1.2302369132647841
1.0 0.9993701625788308
1.0 1.002293531863021
1.0 1.0028260125439443
1.0 1.0033589070215203
1.0 1.003625605935942
1.0 1.0041601481072082
1.0 1.0049734506909442
1.0 1.0052552672504325
1.0 1.000697901922082
1.0 1.0009636615789423
1.0 1.0017613665941096
1.066666667 1.0669329544576769
1.1483516484058085 1.1499324748140674
1.1512605044621849 1.1525472043235934
1.175324675538961 1.1756464624362353
1.1838383839 1.1864068264975824
1.3076923081538463 1.307930724962748
1.5625 1.5630259223751095
1.571428571 1.5743116080183714
1.8766666669249998 1.8792676502440269
2.0 2.0028075108270644
2.0 2.0044391010589777
2.0 2.006774279867501
1.0 0.9969846699658722
1.0 0.9972494432578336
1.0 0.9975142868667056
1.0 0.9975142868667056
1.0 0.9977792008111764
1.0 0.9980441851100372
1.0 0.9983092397819432
1.0 0.9985743648457504
1.0 0.9985743648457504
1.0 0.9985743648457504
1.0 0.9985743648457504
1.0 0.9985743648457504
1.0 0.9985743648457504
1.0 0.9985743648457504
1.0 0.9988395603203176
1.0 0.9988395603203176
1.0 0.9991048262248146
1.0 0.9991048262248146
1.0 0.9993701625788308
1.0 0.9996355694028738
1.0 1.000432212938783
1.0 1.000697901922082
1.0 1.000697901922082
13.780219784087912 16.514779795541465
18.431111109955555 22.0728617786363
20.6102564137282 23.382496349188266
25.151515143939395 32.95193388019843
32.0 40.14122779111787
32.2250000086 43.63133833070944
40.19047619476191 53.16164761773445
1.0 0.9975142868667056
1.0 0.9977792008111764
1.0 0.9983092397819432
1.0 0.9983092397819432
1.0 0.9983092397819432
1.0 0.9983092397819432
1.0 0.9985743648457504
1.0 0.9988395603203176
1.0 0.9991048262248146
1.0 0.9991048262248146
1.0 0.9993701625788308
1.0 0.9993701625788308
1.0 0.9996355694028738
1.0 0.9977792008111764
1.0 0.9977792008111764
1.0 0.9980441851100372
1.0 0.9985743648457504
1.0 0.9985743648457504
1.0 0.9985743648457504
1.0 0.9993701625788308
1.1648351646959707 1.1641452562973038
1.22874999995 1.2265601074032242
1.0 1.0030923953117974
1.0 1.003892608592178
1.0 1.003892608592178
1.0 1.003892608592178
1.0 1.0041601481072082
1.6302521004621848 1.630131816628677
1.0 0.9985743648457504
1.0 0.9991048262248146
1.0 0.9996355694028738
1.0 0.9999010467191144
1.0 1.0001665945534697
1.0 1.0001665945534697
1.0 1.000432212938783
1.0 1.000432212938783
9.521481485179258 13.98201167104732
10.29025641026 14.057577503829606
12.433918132763743 16.9510392452435
15.0 21.114190343567177
15.0 21.278229711169626
21.285714281142855 30.098648901698155
30.857142858 43.35619762149045
31.120879118564318 44.64899678257316
34.090909092000004 48.39087356231312
40.81333333335 53.72311562363853
40.65151515 54.7579719104729
1.0 0.9996355694028738
1.0 1.000697901922082
1.0 1.000697901922082
1.0 1.0012294920415323
1.0 1.0012294920415323
1.0 1.0012294920415323
1.0 1.001495393555629
1.0 1.001495393555629
1.4126984128984128 1.4142792210244215
6.840000009133333 7.606681728059702
13.082051291307693 16.19360563285573
28.341414152155558 36.52851624538783
29.666666667 37.50210656112861
30.0 38.96389219965467
30.818181818532466 39.20501030025828
30.0 39.27552986887853
32.181818181 40.00558635406939
31.432653062204082 40.054603895401186
30.61999999035 40.2420867502486
31.714285713 40.40158096451066
31.818181819 40.946436084116904
32.428571428 41.42310660718294
32.02100840415546 41.49696364032065
1.0 1.000697901922082
1.0 1.0009636615789423
1.0 1.0009636615789423
1.0 1.0012294920415323
1.0 1.001495393555629
1.0 1.001495393555629
1.0 1.001495393555629
1.0 1.001495393555629
1.0 1.0017613665941096
1.0 1.0017613665941096
1.0 1.0017613665941096
1.0 1.0017613665941096
1.0 1.0020274120843988
1.0 1.0020274120843988
1.0 1.002293531863021
1.0 1.0025597295850095
1.0 1.0025597295850095
13.0 11.751343340686345
12.133333333 11.965987287924529
13.0 12.092193555257664
13.0 12.147140186935994
13.0 12.147140186935994
13.0 12.16168306217754
13.0 12.20752492148603
13.0 12.223575536931474
12.799999997 12.781843822637253
13.0 12.902348302562087
13.0 12.936090119452784
1.0 0.9983092397819432
1.0 0.9985743648457504
1.0 0.9985743648457504
1.0 0.9985743648457504
1.0 0.9988395603203176
1.0 0.9991048262248146
1.0 0.9991048262248146
1.0 0.9991048262248146
1.0 0.9993701625788308
1.0 0.9993701625788308
1.0 0.9999010467191144
1.0 1.0001665945534697
1.0 1.000432212938783
1.1047188105197157 1.1030273655043679
1.0 0.9948690128004528
1.0 0.9948690128004528
1.0 0.9951332242286556
1.0 0.9953975058245952
1.0 0.9953975058245952
1.0 0.9956618576068496
1.0 0.9964553342580962
1.0 0.9969846699658722
1.0 0.9988395603203176
1.0 0.9988395603203176
1.0 0.9991048262248146
3.4426850929505495 3.445287305779733
17.919786092106953 25.533944132512346
26.35851393272 36.006690503465656
28.52 38.89969108420465
29.723562152994432 40.25748401418957
32.052631577999996 43.31156645506361
32.157894736 43.99725735268584
31.545454546 44.76652741425267
31.352941176 45.28028134402354
32.428571428 45.36568971446558
32.44 45.37752266906395
32.652173913 45.47172722354834
31.933333334 45.81701327396277
29.795918378653063 39.672044771632535
28.625 39.69970091364503
32.12605042005042 42.165922265606156
31.31404958522314 42.30254796594832
32.466666668 43.10775241993784
1.0 1.3354643060277949
1.0 3.9204689293966464
11.57142857 12.401818236643027
13.0 12.579860144640751
13.0 13.030858223660926
13.0 13.119087024996855
12.642857145 14.018821275810845
13.0 14.207220361316105
1.0 0.9964553342580962
1.0 0.9983092397819432
1.0 0.9983092397819432
1.0 1.000697901922082
1.0 1.0009636615789423
1.1146679407759197 1.1112852600146834
1.0 1.000697901922082
1.0 1.0009636615789423
1.0 1.0020274120843988
1.0 1.0020274120843988
1.0 1.0020274120843988
1.0 1.002293531863021
1.0 1.002293531863021
1.0 1.0025597295850095
1.0 1.0025597295850095
1.0 1.0028260125439443
1.0 1.000697901922082
1.0 1.0012294920415323
1.0 1.0012294920415323
1.0 1.0017613665941096
1.0 1.0022935318634014
1.088235294 1.0877684716665676
1.303030302887446 1.302910804743716
1.3801597567025754 1.382040263122467
2.4460000002809523 2.4474409788428595
2.8 2.8020754650952013
11.23076924 13.252047361720505
16.59440558025874 19.76241480294123
21.285714289999998 25.396223921707648
29.99999999 36.200388341253095
30.869565217768116 37.081000339762866
32.0 39.216205128211044
32.0 39.467201528256616
31.799999999 39.73782515136861
32.0 39.84275621840792
32.0 39.919097237901774
32.0 40.38452263720738
31.466666667 45.28891119050046
31.72 46.21565790174896
1.0 0.9991048262248146
1.0 1.000432212938783
1.0 1.000697901922082
1.0 1.0009636615789423
1.0 1.002293531863021
1.0 1.0044286908168216
1.0 1.0052552672504325
1.0 1.0055520868579484
1.0 1.0055520868579484
1.0 1.0062654107097604
18.0 24.56632310527532
18.0 24.5972850286965
20.2000000118 26.59661733972307
20.0625 27.62477989176553
21.1353785516791 29.945120746365856
23.999999991 32.549024750733906
31.400362316362017 42.13848895024694
30.857142858 43.35619762149045
32.294117646000004 43.58190228278115
30.637683149332148 43.88681248758172
33.33333333777249 46.18876517527583
