1 82484477
2 2775400
3 500387
4 230130
5 137956
6 89436
7 57440
8 38059
9 27758
10 20627
11 17206
12 14668
13 13284
14 12339
15 12146
16 11903
17 11864
18 11747
19 11715
20 11654
21 12147
22 12382
23 12424
24 12921
25 13146
26 13526
27 14018
28 14335
29 14825
30 15217
31 16169
32 17049
33 18000
34 19156
35 20515
36 22295
37 23823
38 25755
39 28783
40 32588
41 37333
42 42441
43 50069
44 58297
45 68163
46 81116
47 95173
48 110391
49 129838
50 151627
51 175247
52 198057
53 224997
54 251401
55 277236
56 304011
57 330087
58 354278
59 375765
60 396521
61 414111
62 424893
63 433561
64 437956
65 434341
66 428636
67 417992
68 403816
69 387085
70 367555
71 343158
72 319017
73 292700
74 267128
75 240872
76 215152
77 191138
78 168355
79 147597
80 127697
81 109559
82 93924
83 79980
84 67176
85 56099
86 46730
87 38019
88 31440
89 25234
90 20409
91 16443
92 13031
93 10403
94 8104
95 6725
96 5368
97 4334
98 3600
99 2775
100 2318
101 1754
102 1537
103 1193
104 1148
105 1021
106 952
107 905
108 978
109 1058
110 1044
111 1087
112 1150
113 1223
114 1366
115 1354
116 1559
117 1606
118 1622
119 1683
120 1658
121 1746
122 1799
123 1863
124 2118
125 2047
126 2192
127 2356
128 2327
129 2435
130 2609
131 2723
132 2701
133 2625
134 2720
135 2617
136 2690
137 2453
138 2548
139 2543
140 2539
141 2562
142 2478
143 2396
144 2514
145 2323
146 2269
147 2117
148 2002
149 1946
150 1822
151 1768
152 1679
153 1544
154 1489
155 1384
156 1238
157 1149
158 1076
159 1079
160 1015
161 935
162 991
163 951
164 829
165 784
166 770
167 734
168 722
169 672
170 678
171 609
172 627
173 547
174 526
175 486
176 490
177 492
178 553
179 515
180 509
181 487
182 469
183 528
184 519
185 452
186 471
187 488
188 519
189 480
190 479
191 473
192 480
193 522
194 494
195 514
196 506
197 523
198 501
199 538
200 505
201 504
202 522
203 511
204 472
205 480
206 439
207 429
208 412
209 429
210 442
211 462
212 400
213 426
214 436
215 436
216 417
217 421
218 382
219 392
220 401
221 406
222 341
223 373
224 315
225 315
226 308
227 330
228 319
229 300
230 281
231 261
232 262
233 281
234 243
235 251
236 244
237 226
238 223
239 223
240 224
241 179
242 209
243 197
244 174
245 215
246 196
247 187
248 174
249 171
250 171
251 160
252 165
253 178
254 180
255 182
256 193
257 192
258 164
259 189
260 177
261 191
262 203
263 215
264 233
265 211
266 217
267 228
268 205
269 212
270 207
271 182
272 190
273 178
274 185
275 190
276 205
277 202
278 193
279 194
280 193
281 179
282 189
283 198
284 201
285 209
286 188
287 206
288 192
289 191
290 167
291 174
292 139
293 152
294 152
295 145
296 160
297 131
298 132
299 145
300 133
301 112
302 115
303 112
304 116
305 87
306 106
307 95
308 90
309 102
310 86
311 89
312 83
313 94
314 98
315 92
316 99
317 93
318 108
319 103
320 93
321 106
322 104
323 119
324 116
325 126
326 136
327 116
328 110
329 123
330 109
331 95
332 105
333 98
334 112
335 111
336 113
337 100
338 115
339 117
340 121
341 104
342 95
343 95
344 112
345 103
346 111
347 101
348 108
349 88
350 88
351 96
352 97
353 105
354 86
355 107
356 84
357 91
358 87
359 96
360 81
361 97
362 99
363 108
364 116
365 110
366 101
367 90
368 84
369 82
370 79
371 87
372 85
373 92
374 67
375 67
376 60
377 97
378 70
379 51
380 59
381 77
382 59
383 57
384 54
385 59
386 77
387 57
388 53
389 46
390 41
391 40
392 54
393 41
394 42
395 48
396 50
397 47
398 40
399 45
400 49
401 46
402 49
403 37
404 48
405 37
406 53
407 43
408 43
409 44
410 48
411 56
412 50
413 47
414 48
415 45
416 53
417 58
418 35
419 35
420 47
421 55
422 58
423 58
424 37
425 60
426 54
427 59
428 65
429 59
430 63
431 56
432 52
433 52
434 53
435 58
436 49
437 53
438 50
439 50
440 60
441 55
442 44
443 54
444 47
445 54
446 34
447 67
448 57
449 35
450 38
451 45
452 43
453 23
454 34
455 36
456 33
457 44
458 36
459 46
460 54
461 53
462 47
463 49
464 54
465 63
466 54
467 54
468 68
469 56
470 58
471 47
472 53
473 61
474 52
475 35
476 43
477 40
478 41
479 47
480 48
481 56
482 52
483 56
484 32
485 34
486 29
487 40
488 31
489 36
490 42
491 45
492 35
493 35
494 32
495 32
496 32
497 42
498 45
499 40
500 31
501 27
502 33
503 40
504 27
505 36
506 19
507 28
508 23
509 29
510 28
511 29
512 29
513 29
514 27
515 37
516 30
517 40
518 26
519 32
520 25
521 31
522 39
523 27
524 21
525 23
526 28
527 20
528 21
529 29
530 31
531 37
532 25
533 33
534 26
535 26
536 22
537 18
538 27
539 31
540 23
541 28
542 27
543 22
544 24
545 27
546 31
547 36
548 24
549 32
550 29
551 27
552 34
553 37
554 31
555 24
556 25
557 25
558 22
559 20
560 18
561 25
562 29
563 17
564 34
565 25
566 21
567 31
568 27
569 29
570 22
571 25
572 24
573 29
574 32
575 27
576 23
577 22
578 27
579 23
580 19
581 23
582 23
583 19
584 32
585 23
586 34
587 24
588 30
589 24
590 34
591 25
592 25
593 24
594 40
595 37
596 28
597 39
598 23
599 28
600 34
601 27
602 22
603 33
604 26
605 19
606 43
607 31
608 29
609 42
610 18
611 30
612 30
613 22
614 30
615 20
616 32
617 20
618 27
619 31
620 34
621 23
622 29
623 34
624 34
625 34
626 29
627 27
628 34
629 36
630 26
631 44
632 44
633 47
634 37
635 38
636 35
637 40
638 30
639 28
640 30
641 41
642 29
643 41
644 33
645 27
646 32
647 31
648 39
649 37
650 39
651 19
652 27
653 21
654 34
655 35
656 19
657 19
658 31
659 25
660 20
661 19
662 22
663 21
664 26
665 24
666 35
667 23
668 27
669 39
670 28
671 26
672 33
673 30
674 27
675 27
676 44
677 38
678 30
679 27
680 35
681 27
682 26
683 23
684 22
685 37
686 32
687 23
688 19
689 19
690 24
691 24
692 27
693 24
694 30
695 28
696 15
697 30
698 17
699 24
700 27
701 24
702 18
703 24
704 20
705 34
706 17
707 24
708 25
709 32
710 30
711 17
712 22
713 21
714 26
715 31
716 25
717 18
718 27
719 27
720 26
721 31
722 25
723 32
724 35
725 24
726 29
727 22
728 33
729 38
730 27
731 29
732 34
733 32
734 42
735 31
736 38
737 25
738 28
739 37
740 36
741 23
742 31
743 32
744 40
745 30
746 34
747 38
748 26
749 37
750 30
751 20
752 40
753 24
754 24
755 35
756 33
757 33
758 29
759 33
760 30
761 35
762 33
763 26
764 29
765 36
766 31
767 37
768 22
769 35
770 29
771 32
772 43
773 36
774 30
775 33
776 36
777 26
778 20
779 32
780 25
781 29
782 32
783 42
784 39
785 23
786 35
787 38
788 34
789 31
790 38
791 35
792 42
793 30
794 35
795 38
796 38
797 40
798 39
799 38
800 54
801 43
802 38
803 43
804 36
805 41
806 36
807 42
808 39
809 36
810 44
811 44
812 48
813 34
814 53
815 34
816 40
817 38
818 51
819 42
820 48
821 48
822 31
823 44
824 46
825 56
826 49
827 52
828 41
829 42
830 47
831 42
832 58
833 49
834 31
835 44
836 33
837 35
838 46
839 57
840 50
841 49
842 45
843 31
844 34
845 49
846 46
847 36
848 47
849 47
850 42
851 37
852 43
853 52
854 36
855 46
856 39
857 48
858 50
859 42
860 48
861 45
862 50
863 48
864 44
865 57
866 40
867 39
868 39
869 42
870 48
871 47
872 50
873 47
874 47
875 51
876 37
877 48
878 43
879 49
880 40
881 25
882 33
883 36
884 36
885 31
886 32
887 42
888 49
889 43
890 35
891 42
892 30
893 37
894 35
895 41
896 28
897 17
898 30
899 27
900 33
901 39
902 26
903 30
904 30
905 28
906 24
907 28
908 27
909 30
910 24
911 13
912 36
913 25
914 28
915 30
916 27
917 26
918 24
919 20
920 29
921 29
922 18
923 32
924 20
925 32
926 11
927 23
928 27
929 16
930 26
931 22
932 30
933 27
934 34
935 24
936 26
937 13
938 25
939 23
940 17
941 19
942 29
943 21
944 19
945 26
946 29
947 31
948 28
949 24
950 31
951 19
952 14
953 13
954 24
955 19
956 25
957 25
958 19
959 28
960 23
961 22
962 32
963 25
964 23
965 20
966 21
967 23
968 20
969 16
970 14
971 16
972 21
973 18
974 11
975 14
976 18
977 18
978 29
979 18
980 17
981 25
982 21
983 19
984 13
985 13
986 16
987 21
988 27
989 17
990 19
991 9
992 21
993 12
994 20
995 12
996 13
997 12
998 19
999 17
1000 15
1001 8
1002 15
1003 26
1004 23
1005 21
1006 24
1007 14
1008 13
1009 12
1010 14
1011 14
1012 17
1013 7
1014 22
1015 19
1016 12
1017 13
1018 16
1019 19
1020 29
1021 27
1022 14
1023 20
1024 17
1025 7
1026 19
1027 24
1028 17
1029 10
1030 20
1031 14
1032 24
1033 26
1034 12
1035 20
1036 18
1037 15
1038 18
1039 16
1040 24
1041 25
1042 23
1043 24
1044 17
1045 22
1046 22
1047 23
1048 19
1049 13
1050 22
1051 19
1052 13
1053 17
1054 13
1055 16
1056 16
1057 16
1058 18
1059 14
1060 10
1061 12
1062 14
1063 9
1064 12
1065 13
1066 17
1067 13
1068 14
1069 13
1070 14
1071 14
1072 11
1073 11
1074 14
1075 25
1076 18
1077 16
1078 18
1079 15
1080 15
1081 15
1082 14
1083 15
1084 25
1085 25
1086 8
1087 7
1088 6
1089 12
1090 11
1091 19
1092 17
1093 10
1094 16
1095 23
1096 15
1097 9
1098 16
1099 18
1100 12
1101 11
1102 15
1103 13
1104 10
1105 9
1106 10
1107 11
1108 2
1109 14
1110 14
1111 18
1112 20
1113 10
1114 8
1115 10
1116 14
1117 10
1118 11
1119 12
1120 20
1121 10
1122 9
1123 10
1124 6
1125 9
1126 10
1127 12
1128 8
1129 12
1130 9
1131 18
1132 10
1133 10
1134 11
1135 13
1136 10
1137 10
1138 18
1139 17
1140 8
1141 15
1142 12
1143 11
1144 12
1145 10
1146 13
1147 9
1148 7
1149 9
1150 18
1151 12
1152 12
1153 15
1154 13
1155 12
1156 9
1157 18
1158 12
1159 9
1160 15
1161 11
1162 10
1163 19
1164 14
1165 7
1166 7
1167 10
1168 18
1169 8
1170 10
1171 6
1172 9
1173 11
1174 9
1175 15
1176 7
1177 7
1178 5
1179 9
1180 6
1181 10
1182 7
1183 5
1184 9
1185 10
1186 8
1187 8
1188 7
1189 8
1190 6
1191 8
1192 8
1193 8
1194 10
1195 8
1196 8
1197 9
1198 10
1199 9
1200 5
1201 8
1202 8
1203 6
1204 8
1205 10
1206 5
1207 6
1208 5
1209 13
1210 5
1211 10
1212 4
1213 12
1214 7
1215 7
1216 14
1217 10
1218 15
1219 15
1220 12
1221 11
1222 11
1223 13
1224 7
1225 11
1226 14
1227 9
1228 19
1229 11
1230 11
1231 13
1232 6
1233 6
1234 7
1235 14
1236 11
1237 10
1238 12
1239 5
1240 7
1241 8
1242 11
1243 8
1244 11
1245 10
1246 7
1247 6
1248 6
1249 7
1250 13
1251 10
1252 6
1253 8
1254 10
1255 13
1256 10
1257 5
1258 9
1259 5
1260 15
1261 9
1262 6
1263 13
1264 13
1265 6
1266 16
1267 13
1268 9
1269 21
1270 10
1271 10
1272 7
1273 13
1274 7
1275 6
1276 7
1277 13
1278 10
1279 11
1280 14
1281 7
1282 11
1283 10
1284 13
1285 9
1286 12
1287 13
1288 11
1289 12
1290 12
1291 17
1292 12
1293 16
1294 13
1295 16
1296 24
1297 14
1298 15
1299 14
1300 15
1301 14
1302 11
1303 13
1304 16
1305 15
1306 17
1307 14
1308 15
1309 17
1310 12
1311 10
1312 18
1313 20
1314 15
1315 20
1316 19
1317 22
1318 19
1319 14
1320 18
1321 17
1322 19
1323 16
1324 18
1325 27
1326 18
1327 21
1328 12
1329 29
1330 18
1331 19
1332 17
1333 13
1334 12
1335 18
1336 13
1337 12
1338 15
1339 20
1340 12
1341 8
1342 7
1343 13
1344 16
1345 17
1346 16
1347 16
1348 13
1349 9
1350 13
1351 16
1352 18
1353 8
1354 13
1355 15
1356 10
1357 20
1358 9
1359 8
1360 12
1361 17
1362 11
1363 11
1364 11
1365 9
1366 8
1367 9
1368 13
1369 16
1370 12
1371 21
1372 17
1373 18
1374 18
1375 18
1376 20
1377 26
1378 18
1379 29
1380 15
1381 12
1382 19
1383 15
1384 18
1385 17
1386 15
1387 16
1388 13
1389 15
1390 16
1391 23
1392 17
1393 23
1394 17
1395 22
1396 20
1397 21
1398 18
1399 19
1400 15
1401 20
1402 16
1403 14
1404 16
1405 18
1406 18
1407 16
1408 22
1409 22
1410 21
1411 14
1412 27
1413 11
1414 10
1415 11
1416 20
1417 15
1418 17
1419 22
1420 14
1421 23
1422 15
1423 25
1424 20
1425 20
1426 14
1427 20
1428 15
1429 18
1430 25
1431 20
1432 17
1433 19
1434 17
1435 22
1436 19
1437 20
1438 19
1439 20
1440 16
1441 22
1442 23
1443 22
1444 21
1445 29
1446 21
1447 18
1448 21
1449 23
1450 20
1451 16
1452 18
1453 20
1454 25
1455 17
1456 10
1457 21
1458 13
1459 20
1460 17
1461 20
1462 21
1463 13
1464 15
1465 17
1466 23
1467 13
1468 18
1469 21
1470 14
1471 19
1472 13
1473 19
1474 14
1475 17
1476 23
1477 27
1478 16
1479 22
1480 14
1481 14
1482 15
1483 20
1484 21
1485 17
1486 24
1487 12
1488 17
1489 13
1490 15
1491 21
1492 15
1493 20
1494 13
1495 16
1496 18
1497 16
1498 20
1499 16
1500 22
1501 7
1502 21
1503 17
1504 19
1505 16
1506 12
1507 18
1508 24
1509 15
1510 15
1511 13
1512 13
1513 13
1514 18
1515 15
1516 22
1517 15
1518 11
1519 23
1520 22
1521 9
1522 18
1523 22
1524 12
1525 22
1526 18
1527 21
1528 23
1529 23
1530 21
1531 23
1532 18
1533 18
1534 24
1535 21
1536 23
1537 21
1538 25
1539 12
1540 23
1541 19
1542 20
1543 21
1544 19
1545 20
1546 24
1547 26
1548 24
1549 25
1550 24
1551 34
1552 31
1553 24
1554 24
1555 28
1556 37
1557 35
1558 20
1559 23
1560 15
1561 24
1562 26
1563 29
1564 32
1565 22
1566 31
1567 30
1568 33
1569 33
1570 35
1571 20
1572 23
1573 29
1574 27
1575 34
1576 21
1577 29
1578 27
1579 38
1580 30
1581 34
1582 37
1583 30
1584 28
1585 32
1586 35
1587 40
1588 18
1589 22
1590 28
1591 28
1592 39
1593 42
1594 35
1595 48
1596 36
1597 30
1598 34
1599 42
1600 42
1601 29
1602 55
1603 38
1604 41
1605 42
1606 44
1607 49
1608 39
1609 34
1610 46
1611 45
1612 36
1613 49
1614 33
1615 53
1616 49
1617 39
1618 34
1619 47
1620 41
1621 46
1622 52
1623 44
1624 46
1625 46
1626 31
1627 30
1628 35
1629 40
1630 28
1631 34
1632 31
1633 39
1634 59
1635 36
1636 34
1637 49
1638 42
1639 48
1640 39
1641 53
1642 41
1643 40
1644 38
1645 47
1646 40
1647 49
1648 43
1649 40
1650 41
1651 39
1652 34
1653 44
1654 36
1655 30
1656 33
1657 41
1658 43
1659 42
1660 36
1661 31
1662 36
1663 35
1664 31
1665 33
1666 35
1667 25
1668 30
1669 35
1670 34
1671 31
1672 26
1673 24
1674 21
1675 32
1676 30
1677 36
1678 34
1679 23
1680 30
1681 29
1682 24
1683 27
1684 32
1685 17
1686 15
1687 25
1688 30
1689 41
1690 31
1691 33
1692 34
1693 30
1694 24
1695 25
1696 23
1697 27
1698 42
1699 38
1700 26
1701 22
1702 18
1703 28
1704 26
1705 26
1706 29
1707 32
1708 28
1709 23
1710 22
1711 21
1712 28
1713 28
1714 28
1715 31
1716 18
1717 32
1718 33
1719 16
1720 20
1721 28
1722 38
1723 20
1724 21
1725 28
1726 30
1727 26
1728 33
1729 27
1730 31
1731 33
1732 27
1733 34
1734 23
1735 24
1736 26
1737 14
1738 19
1739 26
1740 23
1741 27
1742 27
1743 18
1744 31
1745 16
1746 16
1747 24
1748 19
1749 18
1750 27
1751 19
1752 29
1753 21
1754 17
1755 21
1756 23
1757 19
1758 21
1759 23
1760 15
1761 16
1762 16
1763 19
1764 17
1765 15
1766 14
1767 17
1768 21
1769 12
1770 17
1771 13
1772 23
1773 18
1774 23
1775 20
1776 13
1777 21
1778 23
1779 12
1780 16
1781 23
1782 15
1783 15
1784 21
1785 18
1786 9
1787 17
1788 23
1789 17
1790 13
1791 18
1792 19
1793 12
1794 8
1795 15
1796 20
1797 10
1798 14
1799 12
1800 15
1801 14
1802 15
1803 20
1804 13
1805 15
1806 11
1807 9
1808 13
1809 7
1810 20
1811 11
1812 16
1813 7
1814 14
1815 18
1816 13
1817 9
1818 15
1819 11
1820 17
1821 13
1822 5
1823 11
1824 9
1825 11
1826 11
1827 11
1828 10
1829 13
1830 13
1831 10
1832 14
1833 12
1834 11
1835 11
1836 11
1837 18
1838 12
1839 7
1840 12
1841 10
1842 8
1843 16
1844 13
1845 19
1846 13
1847 10
1848 16
1849 6
1850 9
1851 6
1852 12
1853 9
1854 13
1855 8
1856 9
1857 11
1858 11
1859 10
1860 13
1861 12
1862 13
1863 17
1864 11
1865 17
1866 15
1867 10
1868 14
1869 7
1870 10
1871 9
1872 13
1873 19
1874 10
1875 14
1876 9
1877 13
1878 15
1879 9
1880 13
1881 14
1882 14
1883 19
1884 13
1885 11
1886 10
1887 12
1888 9
1889 11
1890 17
1891 13
1892 13
1893 12
1894 14
1895 10
1896 10
1897 13
1898 6
1899 9
1900 14
1901 8
1902 13
1903 8
1904 6
1905 9
1906 18
1907 9
1908 15
1909 7
1910 13
1911 3
1912 10
1913 7
1914 6
1915 6
1916 5
1917 8
1918 6
1919 4
1920 5
1921 8
1922 5
1923 8
1924 6
1925 9
1926 4
1927 4
1928 6
1929 9
1930 7
1931 5
1932 6
1933 7
1934 2
1935 4
1936 8
1937 5
1938 6
1939 6
1940 7
1941 13
1942 10
1943 5
1944 11
1945 6
1946 6
1947 3
1948 8
1949 7
1950 9
1951 7
1952 5
1953 8
1954 5
1955 12
1956 10
1957 8
1958 12
1959 12
1960 9
1961 8
1962 8
1963 7
1964 10
1965 12
1966 12
1967 9
1968 11
1969 9
1970 9
1971 5
1972 6
1973 10
1974 9
1975 9
1976 8
1977 10
1978 6
1979 6
1980 3
1981 8
1982 11
1983 4
1984 6
1985 18
1986 10
1987 5
1988 7
1989 13
1990 9
1991 9
1992 3
1993 9
1994 7
1995 9
1996 5
1997 17
1998 7
1999 13
2000 9
2001 8
2002 11
2003 8
2004 8
2005 15
2006 5
2007 10
2008 5
2009 10
2010 7
2011 16
2012 5
2013 10
2014 6
2015 7
2016 6
2017 12
2018 9
2019 8
2020 14
2021 6
2022 6
2023 8
2024 9
2025 5
2026 8
2027 6
2028 6
2029 7
2030 4
2031 5
2032 9
2033 9
2034 7
2035 6
2036 6
2037 4
2038 7
2039 9
2040 8
2041 10
2042 6
2043 7
2044 6
2045 5
2046 6
2047 10
2048 10
2049 3
2050 12
2051 9
2052 7
2053 5
2054 12
2055 14
2056 11
2057 9
2058 11
2059 4
2060 6
2061 7
2062 4
2063 7
2064 10
2065 7
2066 4
2067 10
2068 8
2069 6
2070 7
2071 9
2072 8
2073 8
2074 8
2075 7
2076 10
2077 7
2078 10
2079 15
2080 13
2081 7
2082 9
2083 8
2084 8
2085 6
2086 7
2087 10
2088 10
2089 7
2090 5
2091 12
2092 12
2093 8
2094 13
2095 9
2096 11
2097 8
2098 11
2099 8
2100 10
2101 7
2102 4
2103 7
2104 12
2105 11
2106 18
2107 7
2108 7
2109 5
2110 7
2111 11
2112 12
2113 4
2114 8
2115 2
2116 6
2117 9
2118 10
2119 6
2120 9
2121 8
2122 6
2123 8
2124 5
2125 7
2126 6
2127 9
2128 9
2129 17
2130 6
2131 9
2132 6
2133 3
2134 6
2135 6
2136 6
2137 8
2138 7
2139 3
2140 3
2141 11
2142 7
2143 13
2144 6
2145 8
2146 7
2147 6
2148 7
2149 4
2150 8
2151 6
2152 10
2153 6
2154 9
2155 4
2156 5
2157 7
2158 10
2159 8
2160 12
2161 6
2162 10
2163 5
2164 7
2165 8
2166 12
2167 8
2168 7
2169 4
2170 10
2171 3
2172 3
2173 7
2174 5
2175 7
2176 7
2177 7
2178 8
2179 6
2180 7
2181 4
2182 9
2183 3
2184 8
2185 5
2186 4
2187 9
2188 10
2189 10
2190 8
2191 8
2192 8
2193 10
2194 10
2195 16
2196 9
2197 8
2198 6
2199 11
2200 10
2201 7
2202 8
2203 8
2204 8
2205 5
2206 11
2207 8
2208 9
2209 9
2210 6
2211 10
2212 9
2213 9
2214 11
2215 6
2216 7
2217 3
2218 2
2219 8
2220 3
2221 4
2222 6
2223 5
2224 6
2225 3
2226 6
2227 5
2228 4
2229 7
2230 6
2231 6
2232 10
2233 5
2234 6
2235 2
2236 7
2237 7
2238 4
2239 5
2240 8
2241 8
2242 5
2243 6
2244 3
2245 7
2246 7
2247 3
2248 5
2249 9
2250 4
2251 10
2252 4
2253 6
2254 5
2255 5
2256 11
2257 8
2258 10
2259 6
2260 5
2261 5
2262 7
2263 9
2264 1
2265 6
2266 4
2267 5
2268 10
2269 6
2270 5
2271 4
2272 7
2273 5
2274 9
2275 8
2276 6
2277 8
2278 6
2279 7
2280 6
2281 5
2282 12
2283 2
2284 6
2285 2
2286 7
2287 8
2288 10
2289 7
2290 10
2291 12
2292 9
2293 9
2294 9
2295 7
2296 7
2297 11
2298 8
2299 7
2300 13
2301 9
2302 10
2303 11
2304 8
2305 6
2306 6
2307 10
2308 2
2309 9
2310 8
2311 9
2312 5
2313 11
2314 3
2315 10
2316 12
2317 8
2318 7
2319 14
2320 10
2321 6
2322 11
2323 10
2324 4
2325 8
2326 10
2327 6
2328 8
2329 6
2330 7
2331 7
2332 8
2333 14
2334 7
2335 11
2336 11
2337 11
2338 12
2339 12
2340 11
2341 16
2342 8
2343 5
2344 10
2345 10
2346 6
2347 9
2348 14
2349 10
2350 9
2351 7
2352 7
2353 8
2354 7
2355 9
2356 5
2357 8
2358 4
2359 7
2360 6
2361 9
2362 8
2363 4
2364 9
2365 7
2366 3
2367 8
2368 10
2369 9
2370 7
2371 9
2372 12
2373 9
2374 16
2375 10
2376 6
2377 10
2378 7
2379 8
2380 7
2381 10
2382 3
2383 6
2384 6
2385 13
2386 10
2387 7
2388 9
2389 6
2390 7
2391 9
2392 13
2393 6
2394 3
2395 10
2396 9
2397 9
2398 5
2399 13
2400 13
2401 9
2402 5
2403 6
2404 7
2405 8
2406 12
2407 6
2408 15
2409 7
2410 11
2411 11
2412 11
2413 8
2414 12
2415 15
2416 6
2417 11
2418 7
2419 11
2420 9
2421 8
2422 2
2423 9
2424 10
2425 6
2426 9
2427 9
2428 6
2429 9
2430 14
2431 9
2432 8
2433 11
2434 10
2435 10
2436 8
2437 14
2438 10
2439 11
2440 6
2441 7
2442 11
2443 7
2444 8
2445 9
2446 11
2447 14
2448 10
2449 7
2450 11
2451 7
2452 7
2453 10
2454 8
2455 13
2456 6
2457 8
2458 10
2459 5
2460 10
2461 9
2462 5
2463 9
2464 6
2465 10
2466 13
2467 10
2468 5
2469 7
2470 10
2471 4
2472 9
2473 13
2474 14
2475 11
2476 12
2477 12
2478 14
2479 10
2480 16
2481 17
2482 16
2483 9
2484 12
2485 11
2486 14
2487 12
2488 8
2489 15
2490 5
2491 9
2492 14
2493 15
2494 11
2495 9
2496 8
2497 11
2498 12
2499 12
2500 12
2501 9
2502 11
2503 9
2504 12
2505 12
2506 14
2507 7
2508 14
2509 7
2510 10
2511 7
2512 9
2513 11
2514 4
2515 14
2516 9
2517 5
2518 6
2519 7
2520 11
2521 14
2522 9
2523 7
2524 6
2525 11
2526 11
2527 15
2528 7
2529 5
2530 7
2531 10
2532 14
2533 11
2534 8
2535 7
2536 12
2537 5
2538 8
2539 10
2540 3
2541 9
2542 11
2543 11
2544 5
2545 8
2546 8
2547 7
2548 3
2549 9
2550 9
2551 8
2552 5
2553 2
2554 9
2555 6
2556 11
2557 3
2558 11
2559 7
2560 7
2561 10
2562 9
2563 5
2564 5
2565 8
2566 4
2567 5
2568 8
2569 4
2570 9
2571 8
2572 5
2573 4
2574 8
2575 5
2576 6
2577 7
2578 8
2579 3
2580 3
2581 8
2582 5
2583 9
2584 9
2585 2
2586 2
2587 5
2588 4
2589 7
2590 2
2591 3
2592 6
2593 8
2594 6
2595 4
2596 7
2597 4
2598 1
2599 3
2600 6
2601 4
2602 4
2603 5
2604 4
2605 7
2606 5
2607 4
2608 3
2609 3
2610 5
2611 5
2612 5
2613 7
2614 3
2615 5
2616 6
2618 6
2619 3
2620 6
2621 6
2622 4
2623 2
2624 5
2625 1
2626 6
2627 4
2628 6
2629 3
2630 5
2631 1
2633 5
2634 2
2635 6
2636 3
2637 5
2638 3
2639 5
2640 7
2641 6
2642 6
2643 8
2644 7
2645 9
2646 6
2647 3
2648 3
2649 4
2650 3
2651 1
2652 4
2653 6
2654 3
2655 2
2656 10
2657 5
2658 7
2659 2
2660 5
2661 7
2662 8
2663 3
2664 8
2665 9
2666 3
2667 12
2668 6
2669 7
2670 9
2671 6
2672 10
2673 4
2674 6
2675 7
2676 5
2677 6
2678 7
2679 9
2680 6
2681 7
2682 6
2683 10
2684 3
2685 7
2686 6
2687 8
2688 7
2689 1
2690 5
2691 5
2692 5
2693 1
2694 9
2695 4
2696 8
2697 3
2698 6
2699 3
2700 3
2701 7
2702 6
2703 5
2704 4
2705 5
2706 8
2707 5
2708 4
2709 4
2710 5
2711 5
2712 4
2713 6
2714 6
2715 1
2716 8
2717 5
2718 2
2719 1
2720 6
2721 6
2722 6
2723 6
2724 5
2725 3
2726 5
2727 9
2728 9
2729 6
2730 9
2731 12
2732 7
2733 4
2734 10
2735 9
2736 9
2737 11
2738 8
2739 7
2740 9
2741 8
2742 5
2743 8
2744 7
2745 8
2746 10
2747 3
2748 7
2749 7
2750 9
2751 9
2752 7
2753 9
2754 9
2755 4
2756 15
2757 3
2758 9
2759 8
2760 6
2761 8
2762 7
2763 6
2764 10
2765 8
2766 9
2767 8
2768 7
2769 14
2770 5
2771 8
2772 6
2773 9
2774 11
2775 8
2776 4
2777 14
2778 9
2779 5
2780 8
2781 8
2782 13
2783 11
2784 11
2785 9
2786 9
2787 6
2788 7
2789 8
2790 10
2791 12
2792 6
2793 11
2794 2
2795 11
2796 8
2797 10
2798 13
2799 9
2800 12
2801 6
2802 9
2803 6
2804 9
2805 11
2806 10
2807 7
2808 19
2809 14
2810 13
2811 8
2812 8
2813 7
2814 7
2815 10
2816 10
2817 9
2818 8
2819 9
2820 10
2821 11
2822 9
2823 9
2824 8
2825 14
2826 9
2827 6
2828 10
2829 9
2830 11
2831 12
2832 12
2833 9
2834 8
2835 7
2836 7
2837 7
2838 11
2839 7
2840 6
2841 15
2842 9
2843 9
2844 9
2845 9
2846 6
2847 13
2848 5
2849 8
2850 8
2851 8
2852 4
2853 10
2854 10
2855 7
2856 8
2857 4
2858 13
2859 9
2860 10
2861 10
2862 11
2863 9
2864 10
2865 7
2866 10
2867 10
2868 3
2869 7
2870 6
2871 6
2872 10
2873 12
2874 9
2875 8
2876 5
2877 5
2878 8
2879 9
2880 10
2881 8
2882 10
2883 8
2884 11
2885 8
2886 4
2887 6
2888 11
2889 5
2890 13
2891 6
2892 4
2893 5
2894 3
2895 5
2896 11
2897 4
2898 4
2899 4
2900 8
2901 14
2902 9
2903 4
2904 10
2905 3
2906 9
2907 7
2908 3
2909 7
2910 8
2911 4
2912 7
2913 6
2914 7
2915 5
2916 4
2917 6
2918 6
2919 7
2920 4
2921 3
2922 5
2923 4
2924 9
2925 4
2926 4
2927 5
2928 2
2929 2
2930 1
2931 5
2932 13
2933 2
2934 5
2935 7
2936 4
2937 12
2938 8
2939 5
2940 5
2941 1
2942 5
2943 11
2944 5
2945 4
2946 8
2947 2
2948 11
2949 7
2950 1
2951 5
2952 5
2953 7
2954 7
2955 3
2956 4
2957 3
2958 3
2959 8
2960 7
2961 2
2962 3
2963 5
2964 8
2965 2
2966 7
2967 4
2968 7
2969 6
2970 3
2972 9
2973 4
2974 3
2975 6
2976 3
2977 4
2978 2
2979 7
2980 7
2981 3
2982 2
2983 4
2984 3
2985 5
2986 7
2987 7
2988 5
2989 7
2990 3
2991 5
2992 5
2993 2
2994 9
2995 8
2996 1
2997 3
2998 7
2999 4
3000 5
3001 7
3002 6
3003 7
3004 6
3005 8
3006 7
3007 9
3008 9
3009 2
3010 10
3011 9
3012 4
3013 12
3014 7
3015 11
3016 4
3017 2
3018 14
3019 9
3020 7
3021 8
3022 9
3023 5
3024 7
3025 6
3026 7
3027 11
3028 3
3029 4
3030 6
3031 8
3032 6
3033 4
3034 3
3035 1
3036 5
3037 8
3038 4
3039 7
3040 4
3041 2
3042 12
3043 7
3044 6
3045 1
3046 6
3047 8
3048 6
3049 8
3050 5
3051 4
3052 2
3053 8
3054 5
3055 6
3056 6
3057 4
3058 3
3059 6
3060 3
3061 6
3062 2
3063 2
3064 4
3065 6
3066 5
3067 9
3068 6
3069 6
3070 7
3071 7
3072 4
3073 7
3074 4
3075 3
3076 4
3077 3
3078 7
3079 4
3080 5
3081 7
3082 2
3083 5
3084 3
3085 4
3086 6
3087 4
3088 2
3089 6
3090 10
3091 5
3092 3
3093 4
3094 6
3095 4
3096 1
3097 2
3098 6
3099 1
3100 5
3101 8
3102 8
3103 2
3104 9
3105 3
3106 6
3107 6
3108 7
3109 5
3110 5
3111 8
3112 6
3113 4
3114 9
3115 6
3116 11
3117 5
3118 5
3119 7
3120 7
3121 4
3122 9
3123 4
3124 4
3125 2
3126 3
3127 3
3128 6
3129 7
3130 6
3131 4
3132 8
3133 5
3134 5
3135 8
3136 11
3137 5
3138 7
3139 6
3140 3
3141 4
3142 4
3143 5
3144 4
3145 6
3146 9
3147 1
3148 6
3149 7
3150 9
3151 8
3152 7
3153 10
3154 7
3155 5
3156 4
3157 5
3158 4
3159 5
3160 6
3161 7
3162 2
3163 8
3164 9
3165 6
3166 8
3167 6
3168 4
3169 5
3170 3
3171 8
3172 7
3173 4
3174 6
3175 2
3176 9
3177 4
3178 7
3179 6
3180 4
3181 5
3182 4
3183 3
3184 11
3185 6
3186 9
3187 3
3188 3
3189 3
3190 4
3191 5
3192 3
3193 5
3194 2
3195 2
3196 2
3197 3
3198 4
3199 5
3200 3
3201 3
3202 7
3203 3
3204 5
3205 11
3206 6
3207 7
3208 7
3209 7
3210 4
3211 4
3212 3
3213 3
3214 5
3215 6
3216 5
3217 3
3218 4
3219 4
3220 5
3221 11
3222 7
3223 4
3224 8
3225 9
3226 6
3227 4
3228 2
3229 4
3230 5
3231 5
3232 7
3233 4
3234 6
3235 1
3236 1
3237 1
3238 2
3239 5
3240 2
3241 3
3242 5
3243 8
3244 1
3245 4
3246 6
3247 8
3248 3
3249 6
3250 3
3251 5
3252 2
3253 3
3254 5
3255 4
3256 7
3257 2
3258 2
3259 4
3260 4
3262 2
3264 4
3265 3
3266 3
3267 5
3268 3
3269 3
3270 1
3271 3
3272 4
3273 3
3274 3
3275 4
3276 1
3277 3
3278 3
3279 2
3280 3
3281 2
3282 1
3283 1
3284 5
3285 2
3286 5
3287 1
3288 2
3289 4
3290 1
3291 5
3293 2
3295 2
3296 1
3297 2
3298 2
3299 3
3300 2
3301 4
3302 3
3303 2
3304 2
3305 2
3306 5
3307 5
3308 2
3309 2
3310 1
3311 1
3312 2
3313 5
3314 1
3315 5
3316 2
3317 1
3318 2
3319 2
3320 2
3321 3
3322 3
3323 7
3324 3
3325 1
3326 3
3327 3
3328 1
3330 5
3331 8
3332 4
3333 3
3335 2
3336 1
3337 5
3338 2
3339 2
3340 4
3341 1
3342 5
3343 5
3344 2
3345 1
3346 2
3347 3
3348 2
3349 2
3350 5
3351 2
3352 4
3354 5
3355 4
3357 3
3358 1
3359 4
3360 5
3361 1
3362 4
3363 3
3366 4
3367 2
3368 1
3370 3
3371 2
3372 2
3373 1
3374 3
3375 1
3376 3
3377 2
3378 2
3379 4
3381 4
3382 4
3383 4
3384 6
3385 2
3386 1
3387 4
3388 1
3389 2
3390 2
3391 3
3392 3
3393 4
3394 2
3395 2
3396 1
3397 4
3398 4
3399 1
3400 3
3401 1
3402 2
3404 4
3405 1
3406 5
3407 6
3408 1
3409 2
3411 3
3412 2
3413 3
3415 5
3416 7
3417 2
3418 2
3419 2
3420 2
3422 6
3423 2
3424 3
3425 3
3426 4
3427 1
3429 2
3430 1
3431 1
3432 4
3433 2
3434 3
3435 2
3436 2
3437 2
3438 2
3439 2
3440 1
3441 1
3442 1
3444 4
3445 2
3446 1
3447 3
3448 4
3449 3
3450 3
3451 3
3452 2
3453 1
3456 4
3457 4
3458 3
3459 1
3460 2
3461 4
3462 3
3463 3
3464 5
3465 3
3466 7
3467 2
3468 2
3469 1
3470 3
3472 3
3473 2
3474 1
3475 2
3476 5
3477 4
3478 4
3479 4
3481 2
3482 3
3483 1
3484 3
3485 3
3486 2
3488 1
3489 5
3490 2
3492 4
3493 5
3494 2
3495 1
3497 2
3498 3
3499 2
3500 2
3501 1
3502 1
3503 1
3504 3
3507 2
3508 2
3510 3
3511 3
3513 4
3514 5
3515 1
3516 3
3517 1
3518 2
3519 2
3520 2
3521 1
3522 2
3523 3
3524 3
3525 1
3526 4
3527 1
3528 1
3529 2
3530 3
3531 1
3532 1
3533 2
3534 4
3535 1
3536 1
3537 5
3538 4
3539 6
3541 3
3542 2
3543 1
3545 3
3547 1
3548 3
3549 3
3550 3
3551 3
3552 1
3553 2
3554 4
3555 2
3556 3
3557 1
3558 3
3559 3
3560 2
3561 2
3562 2
3563 2
3564 1
3565 1
3566 4
3567 1
3568 2
3569 2
3570 2
3571 3
3572 4
3573 2
3574 1
3575 1
3576 1
3577 2
3578 1
3579 1
3581 2
3583 2
3584 1
3585 3
3586 2
3587 2
3588 2
3589 1
3590 2
3591 1
3592 1
3596 1
3597 1
3598 2
3599 2
3600 1
3601 1
3602 1
3603 2
3604 1
3605 1
3606 2
3609 3
3610 3
3611 4
3613 2
3616 2
3617 3
3618 2
3619 1
3620 2
3621 5
3622 4
3623 1
3624 2
3625 2
3626 1
3627 1
3628 1
3629 2
3630 2
3632 1
3633 1
3634 1
3636 2
3637 2
3638 4
3639 2
3640 3
3641 3
3643 5
3644 1
3646 2
3647 1
3648 4
3649 2
3650 2
3652 1
3653 2
3654 3
3655 5
3656 2
3657 2
3658 1
3659 2
3661 3
3662 1
3663 1
3666 1
3667 5
3668 1
3670 3
3671 1
3672 1
3673 2
3674 1
3675 1
3676 4
3677 1
3678 4
3679 2
3680 1
3682 4
3683 4
3684 1
3685 1
3686 4
3687 5
3688 1
3689 5
3691 2
3692 5
3693 3
3694 3
3695 2
3696 2
3697 5
3698 2
3699 4
3700 8
3701 1
3702 1
3703 3
3704 3
3705 7
3706 2
3707 1
3709 2
3710 4
3711 3
3712 4
3713 2
3714 4
3715 6
3716 3
3717 3
3718 1
3719 4
3720 3
3721 3
3723 3
3724 5
3725 2
3726 5
3727 5
3728 2
3729 2
3733 2
3734 1
3735 4
3736 1
3737 4
3738 3
3739 1
3740 1
3741 2
3742 4
3743 6
3744 2
3745 3
3746 2
3747 3
3748 1
3749 1
3750 2
3751 5
3752 5
3753 1
3754 3
3755 3
3756 3
3757 2
3758 1
3759 4
3760 1
3761 1
3762 4
3763 1
3764 1
3765 2
3766 2
3767 2
3768 1
3769 1
3770 3
3771 2
3772 1
3773 4
3774 2
3775 1
3776 2
3778 1
3779 2
3780 4
3781 3
3782 3
3783 5
3784 1
3787 3
3789 3
3790 1
3791 2
3792 1
3793 2
3794 4
3795 2
3797 1
3798 2
3799 2
3801 1
3802 1
3803 2
3804 3
3805 1
3806 2
3807 2
3808 4
3809 2
3810 2
3811 1
3812 1
3813 2
3815 2
3816 2
3817 3
3819 1
3822 1
3823 1
3824 1
3826 1
3827 1
3828 4
3829 3
3830 1
3831 1
3832 1
3834 4
3837 1
3838 2
3841 2
3842 1
3845 1
3847 1
3849 1
3850 1
3852 1
3856 2
3857 1
3858 1
3860 1
3861 2
3863 2
3864 2
3865 1
3866 2
3868 4
3869 2
3870 1
3873 3
3874 3
3876 3
3877 5
3878 1
3879 1
3881 1
3882 1
3884 2
3885 3
3886 4
3888 2
3889 2
3890 2
3891 1
3892 1
3894 1
3895 2
3897 1
3899 2
3900 3
3901 3
3902 1
3904 2
3905 3
3906 2
3907 1
3908 1
3909 2
3910 3
3911 2
3912 1
3913 1
3914 1
3915 1
3916 2
3918 2
3919 1
3920 1
3921 3
3922 2
3923 1
3924 1
3925 4
3926 1
3927 1
3928 1
3929 1
3930 1
3931 1
3932 1
3934 1
3935 1
3936 1
3937 1
3941 1
3942 1
3944 1
3945 3
3946 3
3948 2
3949 1
3950 2
3951 1
3953 2
3954 2
3957 3
3959 1
3961 1
3962 2
3963 3
3964 1
3966 1
3967 2
3968 1
3969 1
3970 3
3971 3
3972 2
3973 2
3974 2
3975 3
3976 1
3980 1
3981 1
3983 1
3984 1
3985 1
3986 1
3987 1
3988 2
3989 1
3990 1
3991 2
3992 3
3993 2
3994 2
3996 1
3997 4
4000 1
4002 4
4004 2
4007 2
4008 3
4009 2
4010 1
4011 3
4012 4
4013 3
4014 1
4015 2
4016 2
4017 3
4019 2
4020 2
4021 3
4023 1
4025 3
4026 2
4027 1
4028 1
4029 2
4030 1
4031 2
4032 2
4033 2
4034 2
4035 2
4036 1
4037 3
4038 5
4039 1
4040 4
4041 1
4042 1
4043 1
4045 3
4046 1
4047 2
4048 1
4050 2
4052 1
4056 2
4059 1
4061 1
4063 2
4065 2
4066 1
4069 1
4070 2
4072 1
4074 1
4077 1
4080 2
4085 1
4088 1
4091 1
4093 1
4094 1
4095 1
4100 1
4106 1
4110 1
4114 1
4118 1
4130 1
4141 1
4142 1
4154 1
4157 1
4158 1
4167 1
4174 1
4177 1
4179 1
4185 1
4186 1
4187 1
4190 1
4191 1
4193 1
4195 1
4197 1
4199 1
4200 1
4202 1
4203 1
4214 1
4218 1
4231 1
4233 1
4234 1
4237 1
4238 1
4245 1
4248 1
4252 1
4261 1
4277 1
4278 1
4280 1
4282 1
4283 1
4285 1
4289 3
4299 2
4302 1
4303 1
4306 2
4321 1
4325 1
4332 1
4334 1
4340 2
4345 1
4346 2
4350 1
4352 2
4354 1
4363 1
4368 1
4371 1
4378 1
4379 1
4380 1
4402 1
4403 1
4409 1
4411 1
4416 1
4418 1
4426 1
4428 1
4433 1
4437 1
4439 1
4441 1
4445 1
4451 1
4454 1
4462 1
4464 1
4476 1
4477 1
4480 1
4484 1
4486 1
4490 1
4493 1
4496 2
4498 1
4503 1
4505 1
4506 1
4511 1
4512 1
4513 1
4515 1
4517 2
4520 1
4524 1
4528 1
4530 1
4531 1
4533 1
4535 1
4539 1
4541 1
4543 2
4551 1
4552 2
4553 1
4554 1
4564 1
4567 2
4569 1
4576 1
4579 1
4582 1
4584 1
4589 1
4590 1
4593 1
4595 1
4602 1
4605 1
4607 1
4611 1
4612 1
4617 1
4622 1
4630 1
4638 1
4642 1
4646 1
4650 1
4657 1
4666 1
4675 1
4683 1
4690 1
4694 1
4696 2
4698 1
4701 1
4702 1
4703 1
4714 1
4715 1
4717 1
4719 1
4737 1
4738 1
4743 1
4748 1
4750 1
4762 1
4784 1
4796 2
4805 1
4821 1
4824 2
4833 1
4836 1
4838 1
4841 2
4846 1
4847 1
4848 1
4849 1
4851 1
4856 1
4860 1
4863 1
4866 2
4867 2
4868 1
4871 1
4880 1
4881 1
4884 1
4889 1
4892 1
4893 3
4895 1
4900 2
4907 1
4908 1
4913 2
4918 1
4919 1
4920 1
4924 1
4925 1
4929 2
4936 1
4937 1
4939 1
4940 1
4944 1
4950 1
4954 2
4956 1
4964 1
4965 1
4969 1
4972 1
4979 1
4982 1
4983 1
4987 1
4988 1
5005 1
5012 1
5013 1
5028 1
5035 2
5036 1
5039 1
5043 1
5045 2
5052 1
5054 1
5061 1
5063 1
5069 1
5072 1
5073 1
5074 1
5075 1
5078 1
5081 1
5090 3
5093 1
5094 1
5095 1
5096 1
5098 1
5100 1
5104 1
5106 1
5107 1
5108 1
5114 1
5115 1
5117 1
5122 1
5137 1
5138 2
5145 1
5147 1
5149 1
5150 2
5154 1
5155 1
5156 2
5162 1
5164 1
5166 1
5168 1
5171 2
5172 1
5173 1
5174 2
5178 1
5179 1
5180 1
5181 1
5195 2
5205 2
5207 2
5218 1
5222 1
5225 1
5226 2
5235 2
5236 1
5237 1
5239 1
5245 1
5246 1
5249 1
5251 1
5252 1
5253 1
5256 1
5257 2
5262 1
5263 1
5266 1
5267 1
5272 1
5275 1
5285 1
5292 1
5293 1
5295 1
5299 1
5314 1
5315 1
5317 1
5318 1
5329 1
5335 1
5336 1
5342 2
5344 1
5347 2
5348 1
5352 1
5354 2
5359 1
5363 1
5364 2
5370 2
5371 1
5372 1
5374 1
5375 2
5376 1
5377 1
5381 1
5382 2
5392 1
5394 1
5398 1
5400 1
5401 1
5404 1
5406 1
5409 1
5411 1
5415 1
5416 1
5440 1
5441 1
5446 1
5448 1
5450 2
5469 2
5471 1
5475 1
5477 1
5480 1
5483 1
5484 1
5486 1
5487 1
5488 1
5494 1
5497 1
5504 1
5506 1
5509 1
5511 2
5513 1
5515 1
5522 1
5526 1
5527 1
5530 1
5532 1
5535 2
5541 2
5544 2
5545 2
5546 2
5550 1
5551 1
5553 1
5558 1
5559 1
5561 1
5564 2
5569 1
5571 1
5572 1
5573 1
5582 2
5587 1
5588 2
5589 1
5592 1
5598 1
5602 1
5615 1
5621 1
5623 2
5625 1
5627 1
5628 1
5643 1
5645 1
5648 1
5653 2
5654 1
5655 1
5657 1
5670 1
5676 1
5677 1
5685 1
5687 1
5693 1
5700 1
5710 1
5714 1
5721 1
5726 1
5728 1
5730 1
5732 1
5733 1
5735 1
5738 1
5744 1
5749 1
5752 1
5756 2
5757 1
5763 1
5765 1
5777 1
5781 1
5785 1
5788 1
5789 1
5790 1
5792 1
5805 1
5807 1
5820 1
5821 2
5823 1
5826 1
5835 1
5843 1
5849 2
5851 1
5854 1
5872 1
5876 1
5882 2
5884 1
5891 1
5892 1
5901 1
5902 1
5916 1
5918 1
5927 1
5929 2
5930 1
5931 1
5934 2
5938 1
5939 1
5944 1
5947 1
5950 1
5952 1
5953 1
5956 1
5958 1
5960 1
5961 1
5962 1
5966 2
5969 1
5973 1
5974 1
5976 1
5978 1
5985 1
5986 2
5990 1
5991 2
5995 1
5998 1
5999 2
6000 1
6001 1
6002 3
6003 1
6004 1
6008 2
6010 1
6011 1
6014 1
6017 1
6021 1
6028 1
6029 1
6030 2
6032 1
6038 1
6039 1
6042 1
6043 1
6048 2
6049 1
6051 1
6052 1
6053 1
6060 1
6067 1
6070 1
6076 1
6077 1
6081 1
6087 2
6089 2
6093 1
6095 1
6102 1
6105 3
6108 1
6109 1
6111 1
6112 2
6119 1
6120 1
6125 1
6128 1
6130 2
6136 3
6139 2
6140 1
6144 3
6146 1
6148 1
6160 1
6162 1
6163 1
6164 1
6166 1
6168 1
6170 1
6172 1
6175 3
6176 1
6178 1
6183 1
6189 1
6193 1
6203 1
6207 1
6220 3
6222 1
6224 1
6225 1
6227 1
6233 1
6237 1
6238 2
6241 1
6243 1
6245 1
6246 1
6255 1
6262 2
6272 1
6274 1
6275 1
6277 1
6279 1
6285 2
6302 1
6304 1
6307 1
6309 1
6311 1
6312 2
6313 1
6316 2
6318 1
6320 1
6323 1
6324 1
6326 1
6327 1
6329 1
6331 1
6333 1
6334 1
6340 3
6343 1
6345 1
6346 2
6350 1
6355 1
6356 1
6363 1
6370 2
6375 1
6383 1
6384 2
6387 1
6392 1
6397 1
6399 1
6402 1
6406 1
6407 1
6408 1
6414 1
6416 1
6418 1
6419 1
6421 1
6433 1
6438 1
6439 1
6449 1
6454 1
6460 1
6474 1
6481 1
6485 1
6489 1
6501 1
6503 2
6507 1
6512 1
6513 2
6516 1
6522 1
6524 1
6525 2
6527 1
6530 1
6531 1
6542 1
6545 2
6552 1
6563 1
6567 2
6569 1
6576 1
6579 1
6582 1
6584 1
6589 2
6591 1
6611 1
6620 1
6632 1
6637 1
6648 1
6654 1
6658 1
6671 1
6674 1
6683 1
6692 1
6706 1
6712 1
6713 1
6715 1
6717 1
6719 2
6742 1
6744 2
6745 1
6748 1
6757 1
6759 1
6766 1
6771 1
6776 1
6781 1
6789 1
6792 1
6799 1
6811 1
6814 2
6831 1
6835 1
6837 1
6838 1
6846 1
6847 1
6850 1
6853 1
6858 1
6859 1
6862 1
6864 1
6870 1
6873 1
6875 1
6896 1
6900 1
6903 1
6905 1
6907 1
6910 1
6916 1
6918 1
6920 2
6922 1
6923 1
6925 1
6928 1
6930 1
6933 1
6937 1
6941 1
6943 1
6947 1
6949 1
6950 1
6959 1
6960 1
6963 2
6964 1
6967 2
6972 1
6975 1
6984 1
6987 1
7004 1
7005 1
7016 1
7020 1
7023 1
7034 1
7035 1
7036 1
7040 2
7042 1
7047 2
7050 1
7051 1
7058 1
7066 1
7071 1
7073 1
7078 1
7079 1
7080 1
7087 2
7091 1
7092 1
7094 1
7095 2
7098 1
7099 1
7101 1
7102 1
7103 2
7107 1
7110 1
7112 1
7119 1
7124 2
7128 2
7129 1
7130 1
7132 1
7134 3
7135 1
7138 1
7140 1
7143 1
7152 1
7153 1
7154 1
7157 1
7158 1
7167 1
7169 1
7170 1
7173 2
7175 1
7181 1
7189 1
7191 2
7192 1
7194 1
7196 1
7197 1
7199 1
7200 1
7201 1
7202 1
7209 1
7212 1
7214 1
7221 1
7229 1
7230 1
7238 1
7240 1
7242 1
7248 1
7249 1
7251 1
7258 2
7263 1
7265 1
7282 1
7285 1
7287 1
7302 1
7311 1
7324 1
7330 2
7334 1
7335 1
7336 1
7338 1
7339 1
7340 1
7342 1
7345 1
7346 1
7350 1
7354 1
7356 1
7358 1
7360 1
7362 1
7367 1
7369 1
7374 2
7377 1
7378 1
7385 1
7386 2
7387 1
7393 1
7394 1
7397 1
7398 1
7405 1
7409 1
7412 1
7416 1
7422 2
7424 1
7426 1
7433 1
7434 1
7438 1
7439 1
7445 1
7449 1
7456 1
7459 1
7460 1
7462 2
7472 1
7473 1
7475 2
7477 1
7479 1
7484 1
7488 1
7491 1
7494 1
7496 1
7497 1
7498 1
7499 1
7501 1
7504 1
7508 1
7512 1
7516 2
7517 1
7518 1
7520 1
7525 1
7534 1
7539 2
7542 1
7544 1
7546 1
7553 1
7557 1
7559 1
7562 1
7572 1
7582 1
7588 1
7589 1
7590 2
7600 1
7602 1
7605 1
7606 1
7608 1
7610 2
7612 2
7613 1
7614 1
7617 1
7618 1
7620 1
7625 1
7630 1
7633 2
7634 2
7641 1
7644 1
7645 1
7650 1
7651 2
7652 2
7653 1
7654 1
7655 1
7657 1
7663 1
7668 1
7669 1
7671 1
7675 1
7677 1
7679 1
7681 1
7684 1
7687 1
7688 1
7690 2
7693 1
7699 1
7701 1
7711 1
7712 1
7720 1
7722 1
7723 1
7729 1
7734 1
7740 1
7743 1
7746 1
7748 2
7749 1
7752 2
7753 1
7756 1
7758 1
7765 2
7768 1
7772 1
7773 1
7775 2
7778 1
7779 2
7780 2
7782 1
7784 1
7786 1
7789 2
7792 1
7793 2
7794 2
7795 4
7798 1
7799 1
7800 2
7802 1
7806 2
7807 1
7809 1
7813 1
7815 1
7816 2
7817 2
7818 1
7822 1
7823 1
7824 3
7826 2
7829 1
7832 1
7836 1
7840 2
7842 1
7845 1
7851 2
7852 2
7854 1
7855 1
7856 1
7857 1
7859 1
7860 1
7862 2
7863 1
7865 2
7867 2
7870 1
7871 2
7872 2
7873 1
7875 1
7876 1
7877 1
7879 1
7880 1
7881 1
7882 1
7883 1
7884 1
7888 1
7889 3
7892 1
7895 2
7898 1
7899 3
7900 1
7901 1
7902 1
7903 1
7904 1
7905 2
7907 3
7908 1
7909 2
7910 2
7911 1
7915 1
7919 2
7921 1
7924 1
7925 1
7926 2
7932 3
7935 2
7938 2
7939 1
7942 1
7946 1
7947 3
7948 1
7949 1
7950 2
7951 1
7952 1
7953 1
7954 1
7955 1
7956 1
7958 1
7959 1
7962 2
7963 1
7964 1
7969 3
7970 1
7972 1
7975 1
7976 1
7978 1
7979 1
7982 1
7985 3
7986 1
7988 1
7991 3
7992 2
7995 1
7996 2
7998 3
7999 1
8000 1
8002 1
8003 2
8005 1
8006 1
8009 1
8012 2
8013 1
8014 1
8018 1
8020 1
8023 2
8026 1
8027 1
8031 1
8039 1
8040 1
8041 1
8042 1
8044 1
8045 1
8047 1
8048 1
8049 4
8050 1
8056 1
8058 1
8059 3
8061 1
8062 1
8063 3
8067 1
8070 1
8071 1
8072 1
8073 1
8077 1
8082 2
8084 1
8091 1
8097 1
8098 2
8102 4
8105 1
8107 1
8109 1
8111 1
8113 1
8114 1
8118 1
8119 2
8121 1
8124 2
8126 1
8133 1
8137 1
8138 2
8142 1
8151 1
8152 1
8155 2
8156 1
8157 1
8158 2
8159 1
8160 1
8163 1
8164 1
8165 2
8167 2
8171 1
8173 2
8177 2
8179 1
8181 1
8183 1
8186 1
8187 1
8188 1
8190 1
8192 1
8193 1
8194 2
8195 1
8196 1
8198 1
8203 1
8204 1
8205 2
8206 1
8210 1
8211 1
8214 1
8215 1
8216 1
8217 2
8218 2
8219 3
8220 3
8221 4
8222 2
8223 1
8224 1
8226 2
8228 1
8229 1
8230 3
8231 3
8232 1
8234 1
8235 1
8236 2
8237 2
8240 2
8241 4
8242 2
8243 1
8244 4
8245 4
8247 1
8248 1
8250 1
8251 1
8252 1
8254 2
8256 1
8258 3
8259 2
8260 3
8261 2
8262 1
8264 1
8265 1
8267 1
8268 1
8270 1
8271 1
8272 2
8273 2
8274 1
8275 2
8276 2
8277 1
8278 3
8281 3
8282 1
8283 1
8285 2
8287 1
8288 2
8289 4
8291 1
8292 1
8296 1
8297 1
8299 2
8301 1
8302 2
8304 1
8307 3
8308 1
8309 1
8310 4
8311 3
8312 2
8313 1
8314 1
8316 2
8319 2
8321 6
8323 2
8324 1
8325 1
8328 1
8329 2
8331 2
8332 1
8333 2
8334 2
8337 1
8338 2
8342 1
8344 3
8345 1
8347 4
8348 2
8349 3
8352 1
8353 2
8354 2
8355 3
8357 1
8358 1
8359 3
8360 1
8361 1
8362 8
8363 3
8364 6
8365 2
8366 4
8367 1
8368 3
8369 1
8370 3
8371 3
8372 3
8373 2
8374 1
8375 1
8376 3
8377 2
8379 2
8380 2
8381 4
8382 3
8383 1
8384 7
8385 2
8386 2
8387 1
8388 2
8390 1
8391 1
8392 3
8393 3
8394 2
8395 4
8396 1
8397 1
8398 1
8399 5
8401 1
8402 2
8403 1
8404 1
8405 3
8406 1
8407 3
8409 2
8410 4
8411 3
8412 4
8413 2
8414 2
8417 2
8418 4
8419 5
8420 1
8421 1
8422 1
8423 2
8424 5
8425 3
8427 1
8428 1
8429 1
8432 1
8433 4
8434 1
8435 4
8436 1
8437 1
8438 6
8439 2
8440 2
8441 2
8442 5
8443 4
8444 1
8445 1
8446 2
8447 3
8448 2
8450 1
8452 1
8454 1
8455 1
8456 1
8458 3
8459 2
8460 2
8461 1
8462 2
8463 2
8465 1
8466 3
8467 4
8468 1
8469 3
8471 2
8472 2
8473 4
8474 2
8475 4
8476 5
8477 1
8478 4
8479 4
8480 1
8482 2
8483 4
8484 1
8485 1
8486 3
8488 1
8491 2
8492 1
8494 2
8495 2
8496 1
8498 4
8500 1
8501 4
8502 2
8503 1
8504 1
8505 1
8506 5
8507 2
8508 3
8509 5
8510 4
8511 2
8512 1
8513 4
8515 2
8516 2
8517 2
8518 3
8519 4
8521 1
8522 1
8523 1
8524 1
8525 3
8526 3
8527 4
8528 4
8529 3
8530 2
8532 1
8534 1
8535 3
8536 3
8537 1
8538 4
8540 3
8541 2
8542 3
8543 1
8544 3
8546 2
8548 1
8549 1
8550 3
8551 5
8552 5
8554 1
8555 1
8556 3
8557 2
8558 2
8559 3
8560 6
8561 2
8562 1
8563 2
8564 1
8566 6
8567 1
8568 2
8570 1
8571 3
8573 2
8574 2
8575 1
8576 2
8577 2
8578 4
8579 4
8580 1
8581 3
8582 1
8584 1
8585 4
8586 2
8588 1
8589 3
8591 3
8593 7
8594 2
8595 1
8596 3
8597 3
8599 5
8600 4
8601 2
8602 1
8603 2
8604 4
8605 1
8606 4
8607 2
8608 5
8609 2
8610 4
8611 1
8612 2
8613 7
8614 3
8615 1
8616 1
8619 1
8621 1
8622 3
8623 2
8624 4
8625 4
8626 3
8627 3
8628 2
8630 4
8631 2
8632 2
8633 1
8634 2
8635 7
8636 7
8637 3
8638 2
8640 4
8641 3
8642 2
8643 2
8644 3
8646 3
8647 3
8648 2
8649 3
8650 3
8651 1
8653 5
8654 5
8655 1
8656 3
8657 5
8658 3
8659 3
8661 1
8662 3
8663 3
8664 1
8665 1
8666 2
8667 2
8668 2
8669 1
8670 2
8671 1
8672 3
8673 3
8674 4
8675 6
8676 1
8677 3
8678 1
8679 3
8680 4
8681 2
8682 3
8683 2
8685 2
8686 1
8687 5
8688 3
8689 1
8690 1
8691 2
8692 4
8693 1
8694 1
8695 1
8696 4
8697 3
8698 3
8699 2
8700 4
8701 5
8702 5
8703 4
8704 2
8705 1
8706 3
8707 1
8708 3
8709 4
8711 7
8712 2
8713 1
8714 7
8715 4
8716 1
8717 7
8718 1
8719 4
8720 5
8721 3
8722 6
8723 5
8724 2
8725 6
8726 5
8727 2
8728 1
8729 2
8730 5
8732 2
8733 2
8734 4
8735 3
8736 7
8737 10
8738 7
8739 4
8740 3
8741 4
8742 6
8743 2
8744 5
8745 1
8746 4
8747 6
8749 1
8750 1
8751 3
8752 6
8753 1
8754 5
8755 4
8756 4
8757 5
8758 10
8759 2
8760 3
8761 5
8762 1
8763 3
8764 4
8765 3
8766 3
8767 4
8768 1
8769 6
8770 5
8771 2
8772 7
8773 5
8774 4
8775 4
8776 5
8777 2
8778 1
8779 2
8780 7
8781 1
8782 5
8784 5
8785 3
8786 5
8787 7
8788 4
8789 7
8790 3
8791 7
8792 4
8793 2
8794 3
8795 4
8796 3
8797 7
8798 10
8799 6
8800 3
8801 7
8802 11
8803 4
8804 10
8805 1
8806 1
8807 6
8808 2
8809 7
8810 5
8811 3
8812 7
8813 5
8814 4
8815 5
8816 4
8817 5
8818 6
8819 2
8820 5
8821 5
8822 5
8823 6
8824 4
8825 3
8826 4
8827 4
8828 2
8829 6
8830 3
8831 4
8832 4
8833 6
8834 5
8835 3
8836 1
8837 3
8838 4
8839 4
8840 4
8841 6
8842 4
8843 4
8844 2
8845 6
8846 2
8847 5
8848 3
8849 3
8850 3
8851 2
8852 3
8853 5
8854 6
8855 6
8856 4
8857 4
8858 5
8859 4
8860 9
8861 4
8862 5
8863 10
8864 5
8865 4
8866 3
8867 2
8868 4
8869 4
8870 2
8871 1
8872 1
8873 1
8874 2
8875 2
8876 5
8877 5
8878 4
8879 6
8880 4
8881 2
8882 1
8883 2
8884 2
8885 4
8886 3
8887 3
8888 5
8889 4
8890 6
8891 8
8892 2
8893 2
8894 6
8895 4
8896 3
8897 6
8898 5
8899 3
8900 3
8901 1
8902 5
8903 8
8904 4
8905 3
8906 3
8907 3
8908 5
8909 4
8910 7
8911 6
8912 2
8913 3
8914 6
8915 3
8916 4
8917 4
8918 2
8919 3
8920 7
8921 3
8922 6
8923 2
8924 3
8925 2
8926 5
8927 5
8928 6
8929 6
8930 3
8931 4
8932 6
8933 4
8934 10
8935 5
8936 4
8937 1
8938 5
8939 1
8940 4
8941 3
8942 5
8943 6
8944 5
8945 6
8946 2
8947 6
8948 6
8949 4
8950 3
8951 3
8952 5
8953 5
8954 3
8955 4
8956 6
8957 6
8958 6
8959 8
8960 4
8961 5
8962 3
8963 4
8964 2
8965 4
8966 2
8967 4
8968 7
8969 6
8970 7
8971 3
8972 4
8973 5
8974 3
8975 2
8976 6
8977 3
8978 3
8979 3
8980 4
8981 5
8982 5
8983 7
8984 4
8985 3
8986 5
8987 6
8988 4
8989 3
8990 5
8991 3
8992 6
8993 4
8994 3
8995 3
8996 3
8997 5
8998 3
8999 3
9000 2
9001 2
9002 3
9003 4
9004 5
9005 4
9006 3
9007 4
9008 5
9009 5
9010 6
9011 7
9012 2
9013 4
9014 6
9015 5
9016 3
9017 3
9018 10
9019 5
9020 3
9021 6
9022 2
9023 7
9024 1
9025 3
9026 5
9027 2
9028 1
9029 1
9030 2
9031 6
9032 1
9033 5
9034 3
9035 5
9036 2
9037 7
9038 7
9039 2
9040 2
9041 4
9042 4
9043 2
9044 1
9045 6
9046 3
9047 7
9049 9
9050 5
9051 5
9052 4
9053 2
9054 5
9055 3
9056 3
9057 4
9058 5
9059 5
9060 5
9061 3
9062 1
9063 7
9064 4
9065 8
9066 3
9067 6
9068 6
9069 9
9070 2
9071 2
9072 2
9073 7
9074 5
9075 3
9076 4
9077 3
9078 3
9079 5
9080 1
9081 6
9082 3
9083 3
9084 6
9085 5
9086 7
9087 4
9088 4
9089 4
9090 4
9091 1
9092 4
9093 4
9094 5
9095 2
9096 7
9097 7
9098 7
9099 3
9100 2
9101 4
9102 2
9103 2
9104 3
9105 4
9106 6
9107 4
9108 4
9109 12
9110 2
9111 7
9112 5
9113 2
9114 5
9115 5
9116 5
9117 5
9118 4
9119 5
9120 7
9121 2
9122 3
9123 3
9124 2
9125 2
9126 4
9127 3
9128 5
9129 3
9130 6
9131 5
9132 9
9133 1
9134 6
9135 6
9136 3
9137 5
9138 6
9139 3
9140 2
9141 5
9142 2
9143 3
9144 7
9145 6
9146 3
9147 4
9148 3
9149 10
9150 5
9151 4
9152 1
9153 1
9154 1
9155 6
9156 5
9157 6
9159 2
9160 3
9161 3
9162 7
9163 3
9164 4
9165 6
9166 2
9167 1
9168 5
9169 2
9170 4
9171 3
9172 3
9173 3
9174 2
9175 4
9176 7
9177 3
9178 4
9179 6
9180 4
9181 3
9182 8
9183 4
9184 2
9185 2
9186 7
9187 6
9188 2
9189 5
9190 4
9191 7
9193 6
9194 1
9195 2
9196 5
9197 5
9198 3
9199 5
9200 4
9201 6
9202 3
9203 4
9204 4
9205 2
9206 1
9207 1
9208 4
9209 2
9210 3
9211 2
9212 5
9213 3
9214 3
9215 6
9216 4
9217 4
9218 3
9219 3
9220 3
9221 7
9222 9
9223 3
9224 7
9225 9
9226 4
9227 7
9228 5
9229 4
9230 2
9231 7
9232 8
9233 7
9234 2
9235 4
9236 6
9237 1
9238 8
9239 1
9240 3
9241 2
9242 4
9243 1
9244 2
9245 5
9246 4
9247 5
9248 2
9249 6
9250 3
9251 1
9252 7
9253 5
9254 11
9255 5
9256 3
9257 6
9258 4
9259 4
9260 6
9261 3
9262 6
9263 7
9264 5
9265 7
9266 8
9267 2
9268 2
9269 9
9270 3
9271 2
9272 3
9273 4
9274 6
9275 7
9276 7
9277 8
9278 5
9279 2
9280 9
9281 4
9282 4
9283 4
9284 7
9285 7
9286 11
9287 6
9288 10
9289 4
9290 5
9291 2
9292 9
9293 6
9294 2
9295 2
9296 4
9297 5
9298 3
9299 4
9300 3
9301 3
9302 2
9303 6
9304 6
9305 6
9306 3
9307 4
9308 4
9309 7
9310 4
9311 4
9312 5
9313 3
9314 9
9315 7
9316 11
9317 4
9318 4
9319 6
9320 3
9321 3
9322 4
9323 2
9324 7
9325 5
9326 4
9327 5
9328 9
9329 3
9330 2
9331 4
9332 5
9333 2
9334 7
9335 9
9336 9
9337 6
9338 5
9339 4
9340 3
9341 6
9342 2
9343 6
9344 8
9345 3
9346 7
9347 4
9348 1
9349 3
9350 3
9352 2
9353 3
9354 2
9355 3
9356 4
9357 5
9358 9
9359 8
9361 6
9362 4
9363 7
9364 3
9365 6
9366 2
9367 2
9368 4
9369 5
9370 5
9371 2
9372 5
9373 5
9374 1
9375 6
9376 4
9377 10
9378 2
9379 8
9380 6
9381 7
9382 5
9383 4
9384 2
9385 8
9386 2
9387 8
9388 4
9389 5
9390 5
9391 6
9392 5
9393 5
9394 1
9395 8
9396 7
9397 1
9398 5
9399 5
9400 7
9401 3
9402 6
9403 2
9404 3
9405 5
9406 2
9407 6
9408 4
9409 3
9410 3
9411 2
9412 7
9413 5
9414 3
9415 4
9416 3
9417 4
9418 6
9419 5
9420 7
9421 5
9422 2
9423 2
9424 7
9425 4
9426 5
9427 2
9428 1
9429 4
9430 6
9431 8
9432 9
9433 3
9434 4
9435 4
9436 1
9437 2
9438 3
9439 2
9440 3
9441 4
9442 4
9443 4
9444 3
9446 2
9447 4
9448 2
9449 2
9450 3
9451 4
9452 2
9453 5
9454 1
9455 2
9456 2
9457 6
9458 2
9459 5
9460 4
9461 5
9462 2
9463 4
9464 5
9465 5
9466 2
9467 6
9468 3
9469 5
9470 3
9471 4
9472 5
9473 2
9474 6
9475 3
9476 1
9477 2
9478 4
9479 2
9480 2
9481 4
9482 1
9483 2
9484 1
9485 2
9486 4
9487 3
9488 2
9489 6
9490 3
9491 2
9492 4
9493 7
9494 6
9495 4
9496 3
9497 5
9498 4
9499 4
9500 8
9501 2
9502 2
9503 4
9504 6
9505 6
9506 12
9507 1
9508 4
9509 4
9510 4
9511 2
9512 5
9513 6
9514 5
9515 4
9516 7
9517 4
9518 3
9519 6
9520 6
9521 5
9522 6
9523 3
9524 4
9525 3
9526 3
9527 3
9528 2
9529 6
9530 2
9531 8
9532 7
9533 4
9534 2
9535 8
9536 6
9537 6
9538 6
9539 3
9540 6
9541 5
9542 5
9543 4
9544 6
9545 2
9546 5
9547 3
9548 5
9549 7
9550 3
9551 2
9552 9
9553 3
9554 12
9555 12
9556 1
9557 10
9558 5
9559 4
9560 7
9561 10
9562 8
9563 6
9564 4
9565 6
9566 5
9567 8
9568 4
9569 4
9570 6
9571 4
9572 8
9573 2
9574 8
9575 7
9576 5
9577 9
9578 6
9579 10
9580 5
9581 2
9582 5
9584 11
9585 4
9586 6
9587 7
9588 5
9589 9
9590 4
9591 7
9592 8
9593 3
9594 9
9595 7
9596 4
9597 5
9598 6
9599 1
9600 4
9601 12
9602 6
9603 7
9604 11
9605 4
9606 3
9607 6
9608 1
9609 3
9610 10
9611 7
9612 6
9613 1
9614 3
9615 7
9616 8
9617 3
9618 5
9619 10
9620 8
9621 1
9622 3
9623 10
9624 5
9625 7
9626 7
9627 3
9628 3
9629 5
9630 2
9631 8
9632 2
9633 7
9634 5
9635 7
9636 5
9637 3
9638 3
9639 3
9640 5
9641 5
9642 6
9643 6
9644 3
9645 7
9646 5
9647 4
9648 3
9649 7
9650 3
9652 2
9653 3
9654 6
9655 2
9656 10
9657 7
9658 5
9659 8
9660 4
9661 5
9662 2
9663 5
9664 8
9665 2
9666 4
9667 2
9668 4
9669 7
9670 4
9671 2
9672 3
9673 9
9674 8
9675 5
9676 5
9677 6
9678 3
9679 7
9680 5
9681 3
9682 9
9683 7
9684 5
9685 1
9686 4
9687 7
9688 3
9689 3
9690 5
9691 3
9692 3
9693 4
9694 3
9695 7
9696 3
9697 4
9698 6
9699 7
9700 1
9701 6
9702 3
9703 4
9704 4
9705 5
9706 1
9707 5
9708 4
9709 4
9710 3
9711 2
9712 6
9713 3
9714 4
9715 2
9716 4
9717 4
9718 3
9719 6
9720 4
9721 7
9722 1
9723 6
9724 5
9725 2
9726 1
9727 2
9728 2
9729 2
9730 4
9731 3
9732 7
9733 2
9734 3
9735 3
9736 4
9737 3
9738 2
9739 1
9740 5
9741 5
9742 1
9743 6
9744 1
9745 6
9746 2
9747 3
9748 3
9749 1
9750 2
9751 2
9752 2
9753 2
9755 6
9756 4
9757 4
9758 4
9759 5
9760 2
9761 3
9762 1
9763 3
9764 3
9765 3
9766 2
9767 3
9769 4
9770 2
9771 4
9772 2
9773 2
9774 3
9775 5
9776 1
9777 1
9778 2
9780 1
9781 2
9782 3
9783 3
9784 2
9786 2
9787 2
9788 3
9789 3
9791 1
9792 4
9793 1
9794 7
9795 3
9798 4
9799 3
9800 1
9801 2
9803 3
9804 1
9805 4
9806 4
9807 4
9808 2
9809 4
9810 3
9811 3
9812 3
9813 4
9814 1
9815 2
9816 2
9817 2
9818 4
9819 3
9820 3
9821 2
9822 2
9823 2
9825 2
9826 4
9827 1
9828 2
9829 2
9830 6
9831 1
9832 2
9833 2
9834 1
9835 3
9836 1
9837 3
9838 3
9839 6
9840 2
9841 2
9842 2
9843 1
9844 5
9845 1
9846 3
9847 2
9848 1
9849 2
9850 3
9851 5
9852 7
9853 1
9854 3
9855 3
9856 3
9857 2
9858 2
9859 8
9860 5
9861 2
9862 2
9863 3
9864 1
9865 5
9866 3
9867 3
9868 2
9869 4
9870 3
9871 7
9872 5
9873 3
9874 3
9876 3
9877 2
9878 4
9879 3
9880 3
9881 3
9882 5
9883 8
9884 2
9885 3
9886 3
9887 1
9888 2
9889 5
9890 2
9891 3
9892 7
9893 1
9894 4
9895 4
9896 3
9897 4
9898 5
9899 4
9900 4
9902 4
9903 4
9904 3
9905 2
9906 3
9907 4
9908 4
9909 7
9910 1
9911 3
9912 3
9913 2
9914 3
9915 2
9916 3
9918 5
9919 3
9921 3
9922 4
9923 2
9924 1
9925 4
9926 1
9927 3
9928 3
9929 4
9930 2
9931 2
9932 2
9933 4
9934 2
9935 3
9936 4
9937 2
9938 6
9939 2
9940 2
9941 3
9942 2
9943 3
9944 2
9945 3
9946 1
9948 3
9949 4
9950 4
9952 2
9953 4
9954 3
9955 1
9956 3
9957 1
9958 4
9959 2
9960 1
9961 2
9962 6
9964 4
9965 1
9967 1
9970 2
9973 4
9976 4
9977 3
9978 4
9979 2
9980 1
9981 4
9982 3
9983 2
9984 3
9985 3
9986 1
9987 2
9988 1
9989 2
9990 2
9991 3
9992 2
9993 1
9995 2
9996 3
9997 7
9998 5
9999 4
10000 2
10001 1477
