1.0977777774888888 1.085203357481053
1.7571428572499999 1.7858506482272332
1.9234060139984628 1.9223733571072432
1.9845045710076408 1.9879990097478704
2.030783183005786 2.0441847085563998
2.4055006162603445 2.22766588691582
2.3591685123979085 2.3458988178006823
2.5476699056666092 2.516562616577137
2.635878046312675 2.6716957873887592
3.5234362551372067 2.872461132224906
4.053701883135486 3.6896250808234847
4.307217804744426 4.193915605589484
2.2802197800879123 1.4772679848306198
2.336032104612783 1.9117477304245765
2.055234639548376 2.0529240343975084
2.440645158381008 2.1742053608719103
2.7594964983106793 2.5036945573308844
2.93584270623446 2.9220164623065075
3.8017778631047845 3.4841138016682405
3.7802432945110156 3.80582789636208
4.715793044245937 4.643702973453076
5.949193962975931 5.183571154472117
5.509694005020598 5.627123599095451
7.037326645334465 7.061542285066447
7.171333778461416 7.332683420755794
6.527517457465093 7.507415131638652
11.139017856005939 11.379894154127015
17.864309194025477 17.602720225470716
2.0 2.212538005168086
2.0 2.2796456103620995
2.0556355407159677 2.4440477815738317
2.429330213049664 2.45250417150748
2.311764705591403 2.5302773022360068
3.012812113704411 3.0120795023422877
3.0491428571737145 3.2712044421264737
3.323388781469209 3.386627049063557
4.32252132265928 3.3960312606433662
4.440191978472939 3.521147606430697
3.325472050954671 3.749639900244149
3.7599372067906787 3.8842908790779376
3.5257433725408616 3.9837390196140934
3.0332579243478985 4.012580363318857
5.40052468326749 4.927828431869859
4.732420633752937 5.034033955046071
6.3693043382877095 5.8927350217674075
6.454377556809884 6.776068704236794
7.248298945844171 7.18200093613956
8.70337602903618 8.337845792700643
7.549791467203119 6.334461958117133
11.761128768484838 9.99104589984056
17.691884818684024 15.12987824660759
23.081768001267815 20.173400893323
194.67557242136473 171.31320664900025
280.18450275675156 246.52328941610045
359.5326409422087 294.5337882448613
620.8618933529557 397.49497717425317
1.7340909096332169 1.7236385697460057
1.7831798440252742 1.7988578727008382
2.9856421351694444 2.2704249150414517
3.045247438844987 2.3766216628697245
3.35868368787 3.3746792919579036
4.652575877458922 4.684551779795843
8.82009921909479 8.911625968214539
13.387985528904625 10.691099425683683
67.18266329474106 68.18258837029197
77.72605688875873 75.60225068822673
133.9366414694136 77.28356388875562
3.4560217687756407 3.27624303913635
4.070185834816396 3.9853741373609752
3.9853896122462116 4.0092733590096765
4.516565296696775 4.464996343387951
1.1860902256146617 1.1945282906263974
2.382410980131578 2.3962957035677985
2.4619834711265294 2.4592529301308903
2.6971113443556725 2.7078103135059437
2.7611905474294085 2.7705341055253423
2.827312205352775 2.8203337151203196
2.8788633239531247 2.8835014092958007
2.987886382754386 3.0262238058807527
3.070611150100639 3.1406360333716488
3.500231855157409 3.4101448558367764
6.667618840899532 4.644854512147568
4.882111027934565 5.257354363643318
6.669324561748389 6.0487016329073775
6.192453710720141 6.1995264591688475
8.28696489089457 7.847905166525089
3.325274035412419 2.442014404463002
3.9429045092498676 3.651262213144961
4.991685893250717 3.989259511631168
4.92410676718072 4.01975517861413
5.605214286406294 4.759014143411001
6.497907873986698 5.234051793939073
6.902061903025076 5.615689842783783
5.688513089332029 5.823693365034836
7.1150400269856275 6.1227452172935095
7.179055264277139 6.464794931718309
7.406703233197138 6.4991238520685135
8.773723677518646 8.196403880726457
8.71747744827581 8.986095115232365
1.0 0.990313830807996
1.00294117645 1.0137978040443365
1.0 1.0145121981723102
1.0 1.0145124311084222
1.0 1.0192255910361916
1.0 1.0192256496106278
1.071181413749382 1.0967102111830145
1.3710859419300483 1.2890741082046595
1.508805848603514 1.4982772277776957
1.615384615907093 1.6143112148909482
1.64285714275 1.6678290589296818
1.7309431912916555 1.7213800912007209
1.733333333 1.7419177305669642
1.7227106637326104 1.7551334839572557
1.0545454543454544 1.9970281309369389
2.1950248459181165 2.220058816420951
2.536582401137429 2.40535410372512
1.2524249701434473 3.070285175958176
3.250569719895039 3.187662336932397
3.4883085611502813 3.3170767582935072
3.3001406139637237 3.3347480387233106
3.3870273647994216 3.417209101465427
3.854505570431918 4.177100527930919
4.653467857550461 4.720411585715825
5.130316981442942 5.147747101638923
6.107657785103352 10.73754968901372
3.919116609410953 11.663043365809164
20.66542712501739 19.211814622002628
9.267786058814828 31.40364071166697
8.214774727192225 36.36215908285961
10.410011290106981 58.06355342306835
3.0214354216263057 2.8059926632967973
8.104700748298741 7.214824619222777
9.690681189959356 8.532601983199067
7.728853396828299 10.470496545088368
14.171428895309322 12.467743547598666
46.6717834550275 35.93883634844352
47.71413110856012 36.23313554439414
57.68258524566051 44.032373569008215
79.28861500007298 62.06242525707695
114.04833317341543 83.19398048295145
120.1996895264667 84.88595183497569
127.53460245742676 89.82146841828177
4.597744355203008 1.0044330060032816
1.84850566094493 1.214887228478535
1.633903058215839 1.4730432172586516
2.2939855347059437 1.71239412295364
2.8756192161193916 2.849412588830328
3.025724613966687 3.009888294355353
3.220707070612121 3.2145353483049117
4.569607843120098 3.2760511775349963
3.409290818430163 3.3873491014894386
7.707261167744892 3.444804036397205
4.628932960295593 4.628490532173225
6.686536524836001 4.6386273337843384
5.743585220981409 4.8196687172814165
5.547650879426365 5.198725976845878
6.281891342950589 5.733128775339877
12.616319375136015 12.291401229035067
9.326786742416893 20.36147423605874
1.397023035789944 1.3758089838788972
1.5106208266145003 1.5165666306279992
2.2482136671993067 2.2452813123068958
2.92259735886972 2.9237866267532286
2.9773611103999995 2.9659706795752627
3.0978337518728343 3.078934653114502
3.2248203354757057 3.2486939962096364
2.009883580558258 3.2898087658260016
2.8360685294261274 3.302190732316172
3.8868373962312988 3.5526198115018213
4.38948257699662 4.11631807701359
4.330590483582033 4.207474159545513
5.155777393202809 5.281556428448309
10.496229394510536 9.73762076585301
11.344069497977268 10.72582431218084
12.525398841921572 12.331737759505303
29.87616926657617 28.318633919291162
1.1448275863482757 1.1341401149713708
1.211764705975 1.204568203661101
2.2761353581171937 1.3232142898215349
1.722126696466154 1.7250152471541969
1.7402959356870376 1.7263709334184765
2.622013134615726 2.606126707137106
3.0816952788434895 2.8904594602703217
3.7495071665322173 3.099354659296631
3.225191541485238 3.2139941460929538
3.9611957239482907 3.7979716729015984
3.7882113162094027 3.818461097983119
5.06164646305592 4.784932816377141
5.944250920582906 5.954009646797777
8.799401908371813 6.254368936733202
30.67696015940598 29.93067486460428
37.233649015780045 31.003961151571875
1.0479105669297313 1.0662768639557154
1.0740384616125 1.0672348537509142
1.089547707091487 1.1052920335484602
1.22903551066822 1.209745920464692
1.587284144036689 1.5855075920886186
1.7260655390031383 1.7168858988099585
1.7399402065262604 1.7530313148402286
2.062684375025038 1.9392905360508463
2.0789724980220585 2.0756915814014016
2.5991509854109736 2.587599161906215
2.806836913058694 2.8129273426190133
3.625851142759003 3.3183193993548326
4.933645766277317 3.8296341579744855
4.200587651165745 4.143407784572472
5.063008903400211 4.8867884425892285
11.419331635464522 9.962391471466331
1.0 0.9875549812083004
1.0 0.9903135859889158
1.038961038827922 1.031130893533017
1.1152983880903171 1.1013435563098048
1.22850140029965 1.2697778699768856
1.6461538456358973 1.641293787560813
1.7856060602609847 1.7987932724893327
1.8015603511690392 1.7994251466438276
1.8328674949053312 1.842350095387728
2.023872232410873 2.030497670517155
2.1359848482753243 2.1414600385506724
2.188873157337003 2.196086887993045
2.527642768572571 2.547222258852421
2.700694614385238 2.7145529865702875
2.695532986201309 2.7780396620282986
3.346221525232394 3.3881603018405846
3.3173489179171947 3.4352092944220614
4.101033031800677 3.9553557815691263
4.819034121263004 4.820192300292055
1.4969855543459778 1.5507048784471529
2.307422875626476 1.9546588054296712
2.8314245633939876 2.9421134079683413
6.11666963964945 5.311369452283466
9.99905671112596 9.268858112862818
9.85595763395469 9.538351487856648
40.401050574105724 41.916776964163525
47.70030307717446 56.442490250300224
76.41638444149514 72.18092016903616
113.4176234054247 99.79396580533876
243.13524208039865 209.07784451685157
1.1808457342314909 1.067639409989246
1.428935938291793 1.4293343482943237
1.8663043889528452 1.7001774803954357
1.7601274994515794 1.7648925346668618
2.214208634133689 2.21039130979058
2.6120650699399204 2.2197817533257056
2.4288781778468014 2.3637211991381317
2.713758290097734 2.540591504193504
3.321180148821523 2.7809976738656736
3.0820665761314086 3.105863639404471
3.1484916170143897 3.129291315018174
2.9326268799303494 3.177851869398753
3.449786519785761 3.2935718960193383
3.642425480462204 3.675737005989312
4.159374687119931 3.748164516016203
4.41466508140206 4.142739514277748
4.009462659381582 4.2559691975061895
8.813840480543144 8.60773644210716
3.4781707860760416 3.485753825889277
4.336052795653226 4.075248495845877
5.51556544541008 4.836247798813812
5.356250665307976 5.34970240517608
12.194882092648314 11.478969879584286
1.1333333334 1.1375887844248678
1.3228553920477737 1.3275329493650283
1.3795210077570799 1.380970420816529
1.6666666669999999 1.6625889557377107
2.334089676433168 1.782209409102817
2.636156000143353 2.3316730501829954
2.396825396984127 2.4627572237119684
2.466230937037037 2.5221326830710646
2.48000000024 2.5729310895408464
3.1563987033555527 3.1933705322752526
3.1520880936074698 3.21204564141651
3.162254902415 3.244786892997478
3.4656113749930952 3.501498057302584
3.600309594461243 3.7097853704381754
3.6461640434494944 3.8594188993063065
6.266498167664313 5.661810340689713
5.8079325152313706 5.932282988595874
6.173133333440454 6.336171327441857
6.376535678558733 6.534821374296506
7.963553569372688 7.644615278294385
8.15668999106379 8.321360842617729
16.738926378393653 16.920489673108822
25.928874705177083 23.02452109005173
1.3132905979662446 1.322762990416592
1.523809523361905 1.5054147961232442
1.5204208628796099 1.5175537843764837
1.6412990194916666 1.636207322183093
1.72954545475 1.7164004356739702
2.0582115074453737 1.9623801744977931
2.0119039813687665 2.0003868689815767
2.311455926965994 2.3049496848983826
2.3057521648844075 2.3149316439205117
2.6680940941087763 2.6594912981265773
2.647058824 2.665177288321085
3.101524939694471 2.7587298499394963
2.8898235401277033 2.9068054458972137
3.073893019057048 3.040735208623963
3.576882418286546 3.0954461576097674
3.2745009391800934 3.2916527424731084
3.4339083057110775 3.2941523412844
3.33607337068797 3.3727449486264414
4.6570775646532905 4.1449975935150585
4.8229187360733405 4.875249587766072
1.5571428574809523 1.781649450120509
1.8632142861821428 1.858334798953036
2.846709766614363 1.882932688236796
2.9489723076730088 1.9918095202453745
2.2322222222765324 2.244175449136646
2.4382173382923558 2.4639899179451166
4.116153766222377 2.859277092644275
2.6895737129084716 2.9755132116745497
3.3674493530959775 3.383829167691168
3.520435799756267 3.5452834583862214
3.858619622750249 3.8093643236187114
6.013203486626054 5.5255029238048525
8.199165817344534 8.183844828170008
23.439208124044246 20.353753909803146
62.65758580961956 51.47137245128002
1.0134453780621848 1.0150668736429138
1.1363636365 1.3331809078611536
1.441025641 1.4424587985390067
1.5585213246409937 1.5607364254889289
1.9459691773290466 1.8366177662814973
2.0993379238590117 1.8417770975399
1.8836721604378635 1.8730033450555068
1.9181398684455186 1.9156302075306584
1.9648095255798763 1.980547334588184
2.6204259964728607 2.021771356376457
3.6646073650040005 2.18402318438287
2.366758529081921 2.3677795616225743
2.5071315493437996 2.516769635496797
2.7325288230755787 2.664779317088417
4.687489621435354 5.109955513970247
6.067166744960653 9.012401521467016
168.77804023903263 167.9897522759182
1.1666666665 1.1188813636291022
1.5940440383163386 1.2790782513519796
41.44922204378574 37.47079849910012
27.912343505168437 42.26442985183804
52.63556129801063 44.363382850907975
34.625735850647416 46.918494736557996
115.6365335254715 97.35813017535598
1.0732600732307693 1.0730536640010038
2.4313851090110017 1.8486992081936944
2.4160094594641306 2.4406333419055612
2.4302982461135643 2.4415787583095447
2.447282608271542 2.451758259803458
3.0883982003012287 2.8049956645712135
3.1063574033420025 3.10186218965131
3.665417283733984 3.8906117758622902
6.373099656718256 5.8765766501298655
6.088265487202023 5.879034736992552
150.9836373399272 133.65485849721387
589.029748195945 530.6735357275685
1.6296262271913626 1.2448040357915804
3.6552996346893787 3.0227639721124304
3.868458262880013 3.728852482906996
7.0283501698242175 5.962657707588277
9.776092775106761 9.596620570316565
10.582707536341092 10.486748448675565
53.87595536851361 50.27372486848574
108.14901526881512 98.85589814004284
122.06536415744493 114.60953380537144
428.0634556773961 398.3004469575035
442.97745405490656 414.32523336967193
9.117164113680543 8.007988998972237
11.166709733325499 9.59373170248428
13.616223310093156 12.628448327854569
18.005279327255646 14.733052753113395
18.048170516135706 14.907804331346295
65.09070993943212 58.15655761068303
79.23451815893739 69.4244413251939
90.51297873969702 87.05513118865795
425.0118028450907 409.91155629306814
2.693589743576923 1.9492667844512577
2.000705306177613 2.0149935929259986
2.396127681969388 2.0717460881781933
2.2133333332 2.087771638353545
2.0 2.2125378944907017
3.32150295507467 2.460143687233125
2.7221428567809527 3.171962655479513
3.1071484231263073 3.195660810028727
3.2032190794639805 3.2301195029134364
3.747744351813537 3.397193520621109
3.3904073991417616 3.701591551691293
4.207459275763544 4.2586185553153095
4.207239973128106 4.420857230335477
4.512784100415072 4.611557510631148
4.015633410723733 4.612632457867317
5.427398812254545 5.502849300740205
5.1941886700053965 5.5933025235258285
6.704133496760564 7.220081895045543
1.4500645399470997 1.4675645524513867
1.7745733186262438 1.8095052618596563
2.3954533896023396 2.2973528347804595
2.927466392757792 2.7354427904885874
2.9430360733092336 2.998740074621028
3.109198825281678 3.0511615253334985
5.0563348412525855 5.357872030010982
5.861599606407959 5.673873955578936
1.9971250244137875 1.7017396011505093
2.2409949415199093 2.227462222686836
4.42854358242278 4.3525800248946425
7.360374467723965 5.344130019641884
6.139746262127967 5.7527394963462655
7.445086875940398 7.286647411724299
38.31060390639403 37.13964828527373
8.596483407699777 4.308799871744205
11.922804111292871 8.814020874403283
13.64846899767757 10.277237398941123
16.321503928095108 13.437758524795894
26.65607787917235 18.48403018038401
27.46233245437462 19.38866439890665
1.0 0.993083719640539
1.3208333335625 1.3153395933756793
1.38537414984966 1.375071104062235
1.4354441094674006 1.4025938172467245
1.672530256570926 1.672208343075886
2.2742593813933767 2.080353204533008
2.0939111645563986 2.095362461151697
2.506440212302221 2.117325237431704
2.2076839827372914 2.2040660414284683
3.9055170270438078 2.8987261185305964
4.068284797612852 2.9005068406456678
3.356318284218187 3.1968518336954577
3.2701251875917596 3.2635543266652713
3.2951880119011836 3.311848136840768
4.3177097394214465 3.4217825877845214
3.5189354595863445 3.4716551867919505
6.806313276794584 6.498091597183063
19.74484975062454 19.01319743803629
1.833469388919184 1.8544287265523387
2.0894287805205596 2.1144334218514564
2.021823516655675 2.1216100645546256
2.1657949237676295 2.152998117459673
2.2237399771502524 2.228180019318952
2.2707354639062163 2.260595213885852
2.292819592106622 2.310613954017954
2.59288904597754 2.602607354135655
3.1854483814010934 2.613978081562683
3.0247766211468 2.693894251919976
2.689910005438687 2.6968146526951142
2.7070500923312926 2.9005201903909814
3.0262089277681095 3.0401184256471665
3.16538910408781 3.1594276581283105
3.3424705145523324 3.2028608691772145
3.348101217305273 3.3223906000031564
4.481970922703257 4.109287219094715
5.315723562137586 4.7835851331073
5.040436034629575 5.347377002295463
6.356677365423569 5.835901118918822
1.511071400153055 1.5176940516381452
1.7015800866476731 1.7016234131228356
2.100057336905175 2.0447147109578347
2.5317075590902647 2.5509858098453244
2.640975479822956 2.6347684283502932
3.671968431596218 3.1352340334120443
3.4016660385395365 3.291885361047825
3.3753448609224357 3.4050842571214868
4.37378973226727 4.012498303579497
4.584834546992146 4.318084997268629
4.973955449234964 4.801250504201612
5.47263799910227 5.008598331185759
5.356307450947774 5.3743472042420075
6.442001700980561 6.0469060161652175
4.243015871588096 1.4872204514783176
2.9843146175289337 2.4810662708850004
2.789010576642969 2.7529787266982817
3.7140754327038 3.815703036043328
6.7175563146922475 5.3779537391698025
8.761799021969214 8.042244766457651
9.918670524249688 8.996477791130827
10.024827599351527 10.768909824033527
10.60262678521212 10.882854594219204
10.520132040976083 10.97336320292604
11.739350820259482 11.479306154697001
12.562120773757142 12.310676001573414
12.184160056482352 12.616839106778805
13.135823191654977 13.031534999138605
13.583474727042125 13.34190013239957
14.15902250111324 13.880338367560347
16.85335678754492 16.131986276745373
17.00379947006874 16.62191470397529
17.277017608801653 16.747127369856926
23.11118256397128 22.040757195135452
23.98535847474502 23.228754010783597
25.04755336558138 23.81369039406129
24.21056946598457 25.562755611837755
31.76850998371937 29.645369684323267
31.552657628286745 29.80221786866898
32.22089726678397 30.542556958219443
31.869513091338916 30.785136020407396
33.35009857871689 31.45661183052307
2.6263258473698996 2.6082999348676497
2.844999869069664 2.8690565660489398
3.0 3.5958812715521096
3.516806722745378 3.765501852492948
3.05514705875 3.7862969007748775
3.1921568629647057 3.923948357733315
3.938981620045 3.942660110502009
4.663814715242771 4.1097210133301925
3.476363451363899 4.206271415693808
3.561751973266361 4.363429380265865
5.5398335475229 5.607085443499375
6.429170314837639 6.313987733175289
6.199943246753631 6.6949046672820804
7.169894514802661 6.7768015267010036
6.140351409242789 6.87562410934783
7.685363845108802 7.737211547735287
7.698031436592355 7.776744345153839
7.995137840173573 8.067434122212934
8.033091358614167 9.4074203599929
8.420550354959161 9.781223563101037
9.485121830597397 10.751272874218962
11.892305565890737 11.662006726088784
12.580385412891667 12.018968294403072
14.471753565811966 15.312050235975006
8.396513292129502 7.899641586765476
80.68499755317883 71.6108088732257
1.0 0.9820642901565536
1.0 0.9848053445204702
1.0 0.9848053453011448
1.0 0.9875551121907332
1.0 0.9875566884130798
1.0 0.990313561086176
1.0 0.9930840411337544
1.0 1.004432529022964
1.4152249134463668 1.0074693869183804
1.0424242424545453 1.0418711582827953
1.0515574651557464 1.0529958019312249
1.0655462183508404 1.063817251452642
1.0826446281735538 1.0710196356709232
1.1025641025641026 1.0838641837421088
1.1006212960274437 1.1039487643791075
1.113029827522763 1.1062870516718
1.2462552660076747 1.186896887935904
1.6124862312423454 1.2318149217193213
1.3200371059868703 1.3180495721000745
2.035714285375 1.3205937881661578
1.36 1.3458331755082495
1.6832908162895408 1.3631549447445142
1.3859085928306656 1.3772410544849747
1.5164569175877387 1.5055668675563918
1.7041666669375002 1.6606526482328383
1.6719254660788818 1.6755468390413566
1.714285714 1.7105351404442843
1.723812708925 1.7184383073696896
1.7288715484897959 1.7206421954167992
1.9583959899473684 1.7247292393582383
1.9084340231824126 1.9017138763164216
2.1082589286796876 2.0987388806040643
2.830522576002662 1.6789719927652038
1.963285024502029 1.9447115824513608
5.393971297592219 2.1773274250060126
2.377328622809524 2.201101379689645
2.4794398063788337 2.4011435550185762
4.685638418083953 3.78443148638888
5.585705635398042 5.6491132846330405
6.07838095355682 5.677173647045312
6.142314178221173 6.016022137768183
39.95006471484674 34.573542661384984
220.11915564089173 196.05743146822567
1.06857142852 1.007469109034847
1.0714285715571428 1.0692158896029202
1.0707958708375125 1.0751244966859368
1.1176470587254903 1.127378284070653
1.5301881938006303 1.5501740408805982
2.742938631901941 1.598550827820279
1.7670329678054946 1.7734262345673155
1.9262371927052682 2.0609213994035347
2.1070198744433295 2.1230889384790346
2.601792759641908 2.1865700943237045
2.1533323393567203 2.214829021254662
2.519356082480555 2.451582160610683
3.0755379917884866 2.5370610732808667
2.5527190189522573 2.5663469589975225
2.6113445380625 2.5920590631570413
4.342453921412381 3.3912180239973444
4.618693200309114 4.925598129879557
4.889907391412585 5.298122315789791
2.138559082018632 2.692325473297444
4.719208024771505 4.1906698925488834
11.144204806409233 10.470286555101554
4.133874369605159 11.082343249458829
24.112417738206595 22.82925315433941
31.524311175350796 26.453108249963503
67.51302340646319 51.34738470167849
80.44662639693234 76.14848513417742
95.49079903749383 78.84730064333918
1.6152224202790808 2.133139131667456
3.473730714028302 3.7868763475204057
5.500609136302276 5.472547263195312
5.296032747992668 5.644121239175752
7.775406527532718 6.50637544632113
9.576856924904144 9.592605804034248
11.462742356209214 10.295199280550454
14.590344996762548 13.50101222682451
14.830689973745187 13.976650730927613
20.904859539630134 19.760808412234315
57.25963024125822 54.55557310548318
72.1783717387686 67.32933748035539
22.332819027578672 15.603259020997355
21.93249978649358 16.753450560107385
28.49814610747245 22.431982552986323
30.247006978618085 27.067277915974284
33.27550814770778 29.615700910970578
59.13044630219998 48.431646033488576
64.58468676394325 53.264343989545786
70.71277369395844 62.09634748718443
92.1654116132458 77.9394626802627
118.87971939990227 106.25315364136677
162.47580865242185 132.41042442091808
178.9484850264299 145.7517729999261
215.34522411933895 179.11972920624112
261.73673861830116 221.90044614720216
263.9190109427303 229.3657265821264
1.4452136102692357 1.2327547485815036
1.2647058825 1.2484182039609792
1.3214285713 1.3179216915397665
1.3751473921576418 1.3704597798254403
1.6464218237464325 1.6229640905785196
2.066267061048405 2.0589698980032733
2.18595372138571 2.153454383576169
2.302296380311303 2.316414172257494
2.340936767324213 2.335484882199355
2.5089635846876055 2.5037468244470973
2.5768738807728133 2.582065872161196
2.859579235736155 2.8572570968279702
3.653516142000349 3.0283408266245107
3.5572334193024497 3.5998252413619936
3.8984847299543772 3.774758228857832
6.163004495266236 5.865569120873742
6.945415135294538 5.888775444676098
6.857209480933153 6.545059838488793
7.9205531708312495 7.1723719868652696
8.781704657790147 8.323316929009023
31.251141808295426 26.502409678132327
1.0955329502662539 1.0980812903995616
1.782466152891672 1.4121640668244546
1.4496015349788223 1.455134595744364
2.063344567786843 1.9075153218638132
2.233382580212655 2.360513700536623
3.050402797045302 2.617435684685999
2.776085793944677 2.9056962887914937
5.2378266800131374 5.254926090942615
5.385750243920901 6.8977218846371775
9.644703252423819 9.103442548188694
2.2304414365973786 2.231735037944436
2.409444663395159 2.40340470813585
3.3501663313976113 3.3289166775285217
16.21264095733772 12.7080980862685
21.973797515962655 17.51114160562757
22.294511811927052 17.537002083172
22.778433994755467 18.12671970523318
24.28091298616491 19.388528883474592
36.46103115855729 26.93708032669847
56.343974054419846 39.17413873584057
38.240534883015286 42.294140596260426
65.41119544087283 54.1951084518784
49.46678651102348 58.40167765501004
100.38813254094909 74.06204770364924
124.66112317272892 92.6601888877028
197.9301293595087 116.78063457928481
168.41692016211826 120.27151271021984
175.39432597867335 131.4988734205658
132.798795249916 177.6161421931739
1.1967930030772596 1.2083148335388796
1.6626961342653421 1.6471148120077654
2.184468352194525 2.215570978966477
2.310238095092369 2.3500876336947463
1.9457307696723976 1.7568455701700756
1.6952780665855756 1.5346547678179934
4.989444418965992 4.206715234830634
11.75204376495886 10.620512676348008
39.89542245445617 37.38878078369449
49.33010501065754 48.627583660421635
57.57652284295431 52.98522220077528
60.42113606811876 61.53961813809612
153.37570699859344 121.00356894295557
180.0950343878117 142.9623999300799
222.96777226902293 156.86735163744189
223.02289706463782 185.35805919424052
447.67181054796544 249.5258897872638
3.5671953003084163 2.2515525899966526
3.1204685664408083 2.29529705467823
2.6283620542191906 2.3593337447620075
2.8474002148042317 2.476214484054561
2.27645391472976 2.536544757560189
2.735117582662628 2.619836154306575
3.4210010217490705 3.15216671980086
4.039657446700528 3.401679983672345
7.644838754602131 6.632779933600812
6.576273803175513 6.706613338440131
10.466115305746063 7.421450235986715
9.970188028913475 8.018286834714315
19.94500825859206 16.45065310739928
6.705326736906855 7.393308988102367
7.825581175466434 8.167314807380139
8.170168066768907 8.903678116295627
10.894601003920032 10.572437462956255
10.847958997857685 11.254235805227161
10.001845435151887 12.055875683858266
21.07299077917437 19.139508785532517
38.05680070156622 42.001026217794255
35.26535303686782 43.13077726969161
39.33788655973703 43.65853750464957
37.249999999 43.963726291620304
42.80081845152343 43.996547866726154
38.888888887 44.289593683069285
37.471428571 44.64453599634262
39.15 44.828106272996905
41.229708453287856 45.234493142417094
41.29698067628889 45.389708878259995
38.967824132873666 46.024198012448885
45.65628159980937 46.32795435145674
46.06415282131446 46.50989538422786
40.250140054 47.058863273160746
1.0 0.9930839009565922
1.1534526854104858 1.1465693985260046
1.3783718317846168 1.3729197434538436
1.4283559582986425 1.4275653324782958
1.4797241978273432 1.4920100082404155
2.277064787829377 1.6431709281859466
1.7127272724014546 1.716258137253285
1.7015735400380851 1.8025516640914263
1.9248006893891871 1.9638680928677208
2.278755083013423 2.0198692909674887
2.089734949862507 2.0629903985308258
2.2278721274794497 2.2307335130693806
2.5019013980196627 2.232752610263224
2.2176873007920306 2.3192775517844777
2.8385109719708206 2.9277601927759576
3.6906008217892494 3.786080543867142
4.101041443062637 4.191599188165894
4.40586053843643 4.4835474455416415
4.607015142174808 4.552971902157756
5.996137268514627 4.715714896593042
4.760903514987145 4.745562686849535
5.305022871576645 5.23259772101258
5.904158482920851 5.5605700333724615
8.509484248764162 9.025827310089094
8.978790387154353 9.463224109138448
11.325495908532842 10.248333846827812
15.498459999915415 15.086834594369025
22.976917248047783 21.677321383019816
34.089529069543545 34.367777269006154
1.485743589487033 1.48352759396969
1.6803196801074176 1.6740329841608692
1.682482479119175 1.6835942251095104
1.7132832080752791 1.6941692413354423
1.727437987487242 1.7104103245745992
1.7542424242451515 1.7187206843362155
1.9698814300341103 1.9738962690242683
1.857142857 1.995999201409464
2.0877531086683927 2.0677990594364326
2.355657242751855 2.1116129647917115
2.5333635329140343 2.1129409085603745
2.369653281940051 2.365739070534271
2.369513263993526 2.368777041235924
2.555324543426065 2.5378458141934708
2.92986536525546 2.6010792080410914
2.9905634187710275 2.9087307505607707
3.161163799453386 3.1085397636252234
3.5747653390818677 3.713971428045305
3.999712720684496 4.148702123950242
4.3005751664917335 4.243653123394968
5.855229597981433 5.558929654427817
9.13282371509636 7.877430354755229
12.919861611812516 9.260911171518439
25.657833018167576 18.620125285033946
32.21259629211926 29.66720173695339
59.67750562829468 51.8228116329615
61.71198477760796 55.71656176502781
72.17540203489676 61.51024902408498
85.36269877082431 72.80547250634002
133.94847030506523 110.50226275043028
274.70509053316397 219.9576443904868
331.9285076887194 280.18699110464
14.227568779400995 15.329364934843246
17.969438991347168 16.10859766727792
25.43017650731012 21.489749644465043
27.940389412784718 24.302450845229693
43.094053343599434 34.97651584277471
86.97792693263247 78.5654429234487
107.24390751734406 94.71521581530963
1.20002403845 1.200011074836887
1.5679487185593406 1.5678490686558584
1.6386766420247934 1.6432234063516709
1.961364707394841 1.9762456221133016
2.00714285715 2.0381875178081668
2.0253968255079364 2.049015593568005
1.9545480911324704 2.1496638130095103
2.9940285205 2.8679556593514954
2.9980644707542323 2.9564818923004257
3.1431172691401796 3.0922574875792006
3.532547929676754 3.8334601326112496
4.128303492387628 4.187270341479882
72.7650989203602 64.61872211907384
122.91016917286636 114.57293061755541
1.0 1.010750742708704
1.0823789213216206 1.0969079720877428
1.2206896552 1.2067178876105564
1.269230769 1.268101600420975
1.5301587303089133 1.5280873952800658
1.7145914420274257 1.7118435448020457
1.790294758928021 1.7908381569862533
2.0793442562293687 2.030626749916061
2.2631578942035087 2.2877182977106156
2.4783639928436507 2.473252536643596
2.6201782871041477 2.5191422174213502
2.715627766719236 2.6952047229917824
2.7700882435567165 2.761951846400444
2.9744413761008093 2.9568302606983328
4.428736866553607 4.212976635700069
1.026666666712381 1.0525302417315958
1.36178321716303 1.4867931595680512
2.173241928853684 1.5929484742147002
4.1536061429192 3.7293399141391332
2.1829247827118623 3.8061489132262314
2.13218328576533 4.2535972944510485
6.279279478134796 5.823312836002534
15.324517617893717 14.327280421386547
26.29686143648294 20.742695873209886
24.75431423247367 23.33328549346568
28.603973567684996 23.95349220654277
65.72707235718968 63.61877707872193
85.03623157697011 73.18636549445962
179.77507065225254 172.65515281444337
188.0102405873305 174.83630180072055
284.76643207318256 271.92236176515064
1.3062200959425838 1.3124252392279545
1.942857143642029 1.7344318668867418
1.7058889831855928 2.002709194689026
2.076644002796059 2.1250755101695904
2.170524765734188 2.164231358420232
2.450143946435979 2.3422871690080225
2.47784517658176 2.500153972116388
2.292093423054586 2.5327830600980588
2.6858066683949815 2.8160878721326728
3.605006324981288 2.941184677077193
3.357674579616215 3.3300796014717586
1.5798118018669378 3.53530656855259
4.626485400384967 4.451368755764493
4.380345117464938 4.735193174263738
6.534876987701552 7.0203329549057525
7.610940411415874 7.655151718963307
6.2014719447884 8.10469143433718
8.03157415056206 9.266221826069213
1.0 0.993083773278283
1.0 1.014511824864351
1.0 1.0145118338651655
1.6217338215346764 1.6230966822188664
1.7333383169611611 1.7279913724446014
1.7890980525669953 1.7930079860894064
1.8358543411159662 1.84184039311306
1.8 2.206251783423518
2.5142171162237683 2.500099642032898
3.1591679589821093 2.8288992999920186
4.607727549139984 4.698449688429249
5.333468920508123 5.231290164476884
6.519609167780129 6.622909566218173
7.774725030887758 7.6284461643390715
8.588999092854191 7.65714193926366
12.166722126478103 15.61152433326349
1.0 0.9820645280242722
1.0 0.9848053985164064
1.0 0.9848055809603437
1.10714285725 1.0945562731297398
1.1899350650933442 1.1739558878917844
1.7847866418120595 1.2203552899997985
1.6071678325442307 1.3166350873373822
1.3371428576228572 1.3237450908831243
1.3504037981509016 1.349306751265507
1.4851615956263287 1.4732293391789089
1.8537895477825568 1.853270658198945
1.916005585630995 1.9033126322589036
2.0770809702223842 2.06061628783817
2.39841269855 2.4170433847045603
3.121554915750705 2.4331576404278006
2.541388130424134 2.498358701162717
2.6236859291432726 2.513538308883972
3.2573111453865775 2.6425588660566524
3.4527849256445524 3.493870945952261
3.536928676037271 3.5691563067132477
4.2002127905843745 4.2044300618494335
6.577431087085445 6.549093923737824
1.08151260496 1.0793890763933267
1.0804037591407356 1.079973638021667
1.1469257385315412 1.1381774156725448
1.2528242835859449 1.249375532993239
1.5400000000942857 1.2971989126410908
1.454545454193182 1.455834060184472
1.5747068877366492 1.7117114978235697
1.7963564912094587 1.804647694594952
2.0284597517502814 1.8267275784655848
1.7481695809299391 1.836422293455616
2.1736425344524886 2.154766772491139
2.380738714145253 2.184240268612054
2.35070818054 2.200640728905967
2.258122721794141 2.2435438610891008
2.3184168510532834 2.3030251755592026
2.345543345132112 2.324953756033311
2.3638791759948523 2.3760093863204585
2.8752224641323116 2.6067254650391223
2.646341798227172 2.6348435316910344
3.0705771684336525 2.9818731157879883
2.992885338952642 3.0239401460846524
3.2164610493283794 3.3318501260382063
3.4334356416113776 3.658029497965367
2.744468117781534 3.672495571942161
4.527223751752794 3.828190182357692
3.2508552245651683 3.849968767980576
3.8485847351014586 3.881172356744032
6.466311138851433 5.016825838443496
5.875076345142925 5.340731302404589
10.635897537550765 12.093769735889506
10.870530439045787 12.60913368444275
18.226632829132523 18.276358147086125
1.057635468029064 1.084413697179082
1.0454545455 1.2203803413288998
1.2849293566946625 1.3033887787592666
1.5641025642820514 1.5731512338724327
1.5418894829376115 1.5788370031339758
1.5940381603693672 1.6214021303381967
1.5476215636706527 1.6261010327437015
1.8505538583339574 1.7329472540622357
1.6926296036700461 1.7348903233924329
2.1181323144905804 1.7350199325956326
1.7120228977916796 1.74156311356461
1.0 1.8058668982137085
1.0730179952977357 1.878702599266686
1.866853407713912 1.9018880552026016
1.1231455383838784 1.954713641304909
1.349206348984127 2.056414640990925
2.054036457823438 2.1117840286845566
1.14523809515 2.1318096811422564
2.319891578690779 2.2010045479243194
1.2605465809435614 2.305196349981587
2.1142857144 2.3296348637331707
1.4531492597988316 2.339368441103846
2.6359116077980813 2.4031206149904616
2.473636355705721 2.5544002304473548
2.55214170596242 2.557297285033348
2.5418398265 2.563614259956178
2.0391426641085886 2.7071115667390413
2.818924608088899 2.742643038876083
1.8522872864795208 2.747766786108368
1.963546284821071 2.7636438253684363
3.113989684381883 3.1873672728279567
3.72737688488985 3.3202554979996397
4.1434798269431425 4.283557852197489
5.4708840204134255 5.4274238225461975
6.091113814842673 6.375389660253234
8.101567517771553 7.892691490416161
1.456210456062271 1.4456410071032602
1.675 1.6627973033863523
1.8150040439941142 1.8287257248955968
1.9348381110696968 1.932082555021604
2.095439690786436 2.0943181287830264
2.6080961800507554 2.133016738318734
3.2158645690673824 2.9488898934327583
21.66395216556673 20.25078245703725
147.255728985058 168.20278218499024
1.5484920637730555 1.3975471650988285
1.5933839301023134 1.6126748353575242
1.5699610173105079 1.6854853176888542
1.7268823758988199 1.7037543664113588
1.8275138789657597 1.7426304432463626
1.820639009642672 1.8086765345398537
2.5421519314404906 2.468413352261293
2.8999559757416065 3.444437082489624
3.935778707572543 4.177505704159535
8.499451424439963 5.954468770999501
8.669194334251065 8.532465927319278
15.745319257219426 14.390335479905696
1.7277310929686276 1.71307928115957
2.0700725745906574 2.063674582617366
3.0075109198292447 2.2482220544360567
2.30551221782 2.293578070015382
2.779724899387705 2.8032686170885497
2.0631660016831956 2.0570116743362994
7.10412611143959 7.00539937171047
17.869696883226297 17.17744001774258
23.997926404823097 23.514903987217807
68.43362901520793 76.12882766611865
91.03524841899267 98.46753123040459
1.0 0.9986767172303532
1.8529411756931695 1.2791756259678728
1.8177804253787782 1.529938745793021
1.713480672864201 1.703550315122461
1.9834087482725966 1.9819596686163727
2.024821747478669 2.023677080363234
2.1843289010288522 2.207376629207153
2.635580005353038 2.438862579991588
4.263875492591433 3.6376307960562055
3.6547010412581105 3.91926459906831
4.74236884866802 4.230775043703838
4.214653386341402 4.391729105515268
5.957009495603364 6.096396208338213
7.63438185898579 6.747014908654772
9.125592664973235 9.183039505236168
2.5089635852191408 2.169595257666426
2.7902920332226397 2.7301385175249866
2.9442173024932776 2.918194799309996
3.0357746657824514 3.0078942436174247
3.1413646455879136 3.1171484710615642
4.518699584280063 4.497937807213003
4.650635399791312 4.6796514243231595
6.77044507668921 5.5740426869407775
6.437118964994394 6.521170763659478
2.0418757710519895 2.037653770248895
2.553416559327164 2.070118340061967
2.2596731861875323 2.254694659037946
2.8337290967964686 2.7021073654485037
3.9339189633472 3.0034942524861665
3.9069118292330107 3.0484546716409966
3.0849821663151666 3.078937911182923
3.557881194676205 3.5587576283884426
3.757178706700415 4.063296239375183
3.9184261002122334 4.714341903711432
5.693086434279349 5.281939331542043
5.772979465204425 5.530283173206565
9.558559320848605 9.133076313582821
1.0 1.0535686808254716
1.230960803539663 1.2466497359554158
1.276296852363594 1.2845647866216376
1.7270690124364068 1.3073752098722973
1.2771495742152819 1.4298901042782992
1.5384412584612641 1.5601878809297824
1.5968954248769607 1.6198140535329404
1.9202444612378151 1.6705755672810167
1.7181690849890374 1.7178705245557064
1.7120300750796993 1.7262492327010783
1.7373301335611488 1.7908880706279546
1.7674786321215508 1.8167203549126485
1.8299755805422009 1.830298834696844
2.0673225157651793 2.057485085853913
2.0720142899386134 2.120165108735192
2.181520685256933 2.409057875115263
3.061953353247638 2.440535680145236
3.0551082332269797 2.9070293629026263
3.3308848930549524 2.9279890763188847
3.060390503722135 3.0724610243909214
3.674752625678173 3.637148404708897
4.6641232959674275 4.6033339200422665
5.636514958469795 5.283867687788249
6.075641281881956 5.926987291878059
6.558633696844573 6.533173969849152
7.300325584080778 6.885549713102255
7.338461144970128 7.040142489779528
10.850991349853945 12.326407791379326
2.3957374256862742 2.413380012500917
1.1118881121118882 1.2261392790534744
1.5796218485630251 1.5612560899696932
1.4827879460766789 1.5735132658974358
1.9019970414001657 1.9169665668989764
2.1057314077526694 2.1753141132008817
2.5266673457705413 2.2536635237691938
2.8780639097725 2.443394800737817
2.4876597029136707 2.498964274418292
2.568699759630655 2.6313914663899145
3.081601530706122 2.6925168116878986
3.0375768237272043 2.867219428207964
2.8506204021793433 2.897836228624314
3.4165241404766737 2.9751068166726387
3.0680173984210137 3.180122131823511
3.3859437668853323 3.196778152096055
3.6255507568167813 3.631376941398633
4.200485083313194 3.737904207452552
4.162124006040493 4.1779583495911625
4.548834525254359 4.1850561323562685
4.499983227698397 4.3537541273201805
4.790461967451576 4.787413968493678
4.729530194219582 4.9322792477248285
5.672807856688462 5.147395592973613
5.688955586556391 5.460366366613033
6.054925125781506 5.656185881005854
6.399527636233003 6.3316029772297036
13.495549576436012 13.444075001761824
2.3610042742753206 2.2886901304379834
2.4453559072370323 2.396584516588041
2.5144153196754813 2.7708296678063737
2.9451431833950226 2.947054012807768
3.4222860024889505 3.2859895701104382
4.083760049139313 4.082788361147332
4.108382233098245 4.127744815378724
4.255693762923241 4.666763294369863
5.149865105324063 5.234610632135434
5.899685180056874 5.531837988038995
5.445869428948434 6.3116767599239925
6.628056046517504 7.312587999936012
7.716632408334757 7.530638406247218
12.215756898120166 11.64988246595907
1.1446832580435293 1.1400825386890088
1.331208791093828 1.3370453781131129
1.4932668275212742 1.500315696423301
1.6030189594333173 1.606617487288147
1.6165610858413573 1.6154820151728635
2.1244565218375 2.11572067398414
3.258058608027198 2.3496237688204302
2.6013714996009383 2.637451497726412
3.2965845435213743 3.0829388386911734
3.1868242401083893 3.1732410930499686
3.177344222807169 3.260491933528737
3.80555188477969 3.8522269149312782
4.224549544509533 3.929505749642968
4.0034097465263105 4.007067428787265
7.479999893441356 7.469521537771612
1.0 0.9820643324798732
1.0 0.9820653493016532
1.2148760333338844 0.9930841816554298
1.035064935135065 0.998676850494968
1.1045751634509804 1.1004673868397532
1.1290416123778455 1.1165720770377119
1.1563800906671493 1.1373630600593456
1.1652962954292763 1.146909615474629
1.2666666668 1.2491369772151202
1.2967032968681318 1.2934413751941156
1.3602676564907168 1.341703824308454
1.3666666665 1.3704788334954099
1.5066871923775 1.5113182365807465
1.69999999975 1.6827137787860202
1.7743315510711994 1.7561840201297338
1.9296242301387267 1.9190823865144864
2.163292010480406 2.1430858914385387
2.996447402719274 2.4811510324893007
2.9316433961267405 2.7806925381348724
2.8150968707528747 2.8281529527769624
3.4817189961760273 3.453403406174496
4.446491929183484 3.8244033647534166
4.590806165149818 4.1304274614053975
8.230712777477066 7.534312474629719
14.619507910558601 13.768574282223332
341.08763108155125 345.63767803133584
424.0078928494787 410.51144558828366
696.1862148477516 566.3529994833602
879.1638046578454 664.1652868537367
870.952466764045 871.3401257401558
1195.6473941216227 1017.2221796430698
117.5577308589581 118.4942596315488
1.2947368424541352 1.296503398608865
2.166666666875 2.152733876472724
2.199676113208745 2.179219143188144
2.339115645118537 2.320072085646228
2.4199134201082253 2.4429352206691086
2.50442399088133 2.5335368565253766
3.4121292695903884 2.8584432703519247
3.281809643310421 3.057491661791851
3.324509804088235 3.206800699582559
3.638730713688123 3.393390104594304
3.8077427071579435 3.4538371179308847
4.184982418356862 4.127824125001894
4.485822875660272 4.192416824815553
6.796794942892513 6.841341274271313
10.03865016741857 8.397989485463244
1.5951037465719407 0.7335062900020686
1.295877649131613 0.9645251791498912
1.2666666668 1.2167832944791803
4.654351948636454 4.063248507389467
8.994360708445207 7.04511827018912
9.147396051716242 8.379982018707173
13.197775903489806 11.014814890811396
13.808588597445503 11.958710080893487
15.541777765278223 12.551932965823465
16.05586604158169 15.836133465173864
24.77609640773505 20.670000264370433
28.433237775173275 28.307697561723128
41.08673953434188 36.59481459653772
1.0 0.9727699151543762
1.1396250806153847 1.1219021214173606
1.3004761908279487 1.2749639586398878
2.1614576730487345 1.5290432935990093
1.6718694463754271 1.6596936129009554
2.547941176277087 2.031454448301034
2.7354086430840794 2.660784402132479
2.9697788787568564 2.9385067973064456
4.4051164241906315 3.6806976899000112
4.040854462119323 3.9936224431776077
4.138718662179857 4.133398294300304
5.938896369173166 5.1688999313966635
7.003247800357779 5.939746310341276
7.047414879977042 6.324248889583965
23.15413768839246 22.118371724669643
24.88517433801843 23.68542511680059
31.517242884784505 26.855189583426363
33.37705519237085 30.71691640047617
35.46707502980024 32.77967814310886
42.354870151748955 35.282309463447156
1.5830410425385018 1.5802874706815588
1.9500296680086346 1.94467949167244
2.3298035297209627 2.3442580766575416
3.052606536205472 3.0593702155405524
2.831578688744309 3.4394023423336804
4.264487086552084 3.656957526479526
3.5880044498216725 3.6632011382898484
4.066921177460434 4.086112395707744
4.785759227093013 4.608355815139764
5.629415269489851 5.6082739148096055
8.233924429778607 7.562207372604475
9.096593950150744 8.284170117128221
10.58794441526802 9.263614617748043
11.213928205121801 10.855172544438533
14.928571808622515 14.211263462373447
14.83371396340661 14.45326737294431
16.611454847704678 15.564906476151085
16.656700049698976 16.66790556421059
26.328273583066725 22.63573604794793
1.768802361389911 1.7979335194810175
1.828764880919226 1.8681646060086692
2.0846153843641027 2.115850960216901
4.726749812375575 4.361621580392442
5.204349008877883 4.367358163390348
4.510334827654466 4.60047854901463
4.840661871388668 4.639025499304389
4.617469959218873 4.702609092146352
2.1348484852380953 2.075527589200068
2.7489500636662467 2.1794738695627798
2.527187336397279 2.5836962722918186
2.7415530638778876 2.7490551101753846
3.300641025375 3.336078519324573
3.5611334390154292 3.779504955815192
4.556419183141848 4.617242600151514
4.815473741964848 4.8530359920788255
5.655988379533609 5.841924406586715
6.376601610508353 5.901406764192146
13.119091861167515 12.901642283355011
25.488047639529267 25.575228731985835
34.144856038550714 33.51486813236977
10.073602437428418 9.057028378564244
14.589105002429054 12.843229501035184
14.65106509576807 13.053144684126305
25.09519022934774 23.062024345743065
30.96123581056244 28.386017420210123
350.09840762744915 316.3484161684885
2.2839075895830163 1.9704434634544092
2.630039949932618 2.480070145791895
3.1157696674150883 3.132339968059585
5.505575650459747 4.775184680760503
5.392833385261974 5.604441259962747
4.877749884891733 7.814356531250159
1.2271824632147075 1.2431657773556637
1.5775819415816945 1.5935244576846892
1.7235638244391973 1.738645500503546
2.409746579945333 2.505056182969243
3.6996748719266117 3.6991004971191983
4.784760112966742 4.39133971117432
14.401383242594996 13.528782044634895
15.627466921408756 15.365245676004381
1.15234239454465 1.171935731606141
1.1587406017042607 1.1923731290715074
1.2459627329881988 1.2256411410696708
1.2859106906634765 1.3415385256299148
1.40314685335 1.4241595785232837
2.331006100037126 1.7415854951267975
2.497334160514355 1.7585463860794956
3.6318171538846387 2.629970278897636
2.61350686984296 2.6466244201641373
2.7902765752541296 2.6899798620130912
3.1471295251657563 3.1643599225599277
4.852028456189616 4.227447370397926
5.97777902110844 4.955235527099868
9.100444334866564 6.778259505186651
9.21589620673741 9.364284239167214
16.777302960039307 14.910857189207757
17.28130053619477 17.02491137865599
22.33318353471825 25.867017153154997
29.19374663839703 26.168420607195333
36.33969859452335 26.978102362879127
66.08404394722677 60.74755251507342
105.27840668814204 86.78727666775194
175.06669812363296 146.02067847828687
1.4719457018454751 1.5041649040911318
3.6314185803705747 3.3824637547231093
4.644236391173392 3.51000171933604
5.35252077985753 5.411701993026521
10.486638960744632 8.824901205060582
52.96665670015571 6.414223582339164
62.326493785804765 14.026893536410105
212.28506281167265 37.87665250860878
1.1520833334062501 1.1534101744453409
1.1887943785758135 1.2131316244516497
1.3194373395984897 1.3442651600568403
1.346153846 1.3446082098543588
1.384615385004945 1.3697485563234022
1.319698858809369 1.4036643197096756
1.4412955465420814 1.4659785800630978
2.3425323671518443 2.334037843959355
2.551515151634849 2.564810114990521
2.62999503983252 2.6463067287761963
3.0337726307922463 3.131879779061334
3.8126282236401448 3.2867445077757815
3.400844869052376 3.3532740492825512
3.5585645123482705 3.4314307741280605
9.17430056205446 6.7438768455917195
9.153355197521615 8.206667916182617
12.990565732699395 10.874042306482938
29.035250617630624 27.204896175324286
3.476852081501462 3.155194801897792
9.467981936361742 8.444028291003695
11.097819650387388 9.712666431378317
20.93055205138882 18.495801749035785
24.91075795423852 21.507345720259863
36.58194297808769 29.75238064462772
37.790170533322836 29.77366174394555
38.279447128273254 31.759248267433605
39.586512697405695 34.567600516363825
1.3703703708518518 1.3588445588283604
1.43333333355 1.4210239353983067
3.389393940040698 3.712501047432984
3.9570905293266883 3.728483891240068
4.095295339017408 3.814539494914576
4.578034585690408 4.964572893402995
6.70176048721348 5.8561387748674925
6.672975907242567 6.937838641069613
2.4843825095451884 2.4756246352154547
2.675626679911591 2.671925430202444
4.036930926288946 4.040929544797153
11.970292398000002 8.071104430653808
11.09519881536675 8.87272372910082
32.91022493876762 23.375118204496022
38.79894700659052 24.492985622653922
42.51858471651156 25.51973749305469
40.85486873512683 26.11881694601796
31.420588211024285 27.585140923674842
46.79880822052675 36.298708725093924
57.517441284309584 37.119999475183356
50.08970280550994 39.87139978735288
57.026351966067445 40.354945120823686
57.434048338168324 41.89902759237706
63.31868045565727 43.452789288562485
69.02130316144061 43.56292422251271
63.18971180091278 50.42978818000789
67.34138300735809 53.832818820864325
88.63894072378294 61.31046452053118
81.4447912539379 65.36418571650934
86.44327717633438 68.76271324518858
85.2910699999522 69.90105855933821
96.42295730417509 72.22736438085386
86.7340422668761 73.1056633468555
135.27906767737258 84.27279464530012
119.51092101154816 89.65302277702175
126.50468374204709 96.99978656189519
1.0 1.0192258066064015
1.0 1.5199223680418257
1.54857142848 1.6909635927013378
1.871029950597346 1.8646138255963292
1.8623558898156392 1.8715746749558961
1.6367054513373922 1.8776986103130069
1.7896880470368064 1.8872669316154709
1.9893463802943425 2.0628873436692223
2.4399363686208053 2.1139184341895847
2.0164807328382848 2.554038256360663
1.9293878396461523 2.6255637169317367
2.5229110889732334 2.631967423877982
2.5399405226436804 2.9840285302366225
3.1300639828851002 3.26264709254753
3.2406430743721844 3.7034874792870895
5.272430553346785 4.869934048411825
5.620488858897885 5.261084942011896
5.787164710981632 5.907153712815684
5.983133697792202 6.05596442463606
6.010077524986387 6.056038270152258
18.012848546890442 16.61619467054593
26.171570122598556 23.35868961996671
1.0 0.9848056369354762
1.0 0.9903140117003392
1.0 0.99073805429178
1.0 0.9908219972631028
1.0 0.9927957978398616
1.0 0.992931853800016
1.0 0.9941668910847192
1.0 0.9984374930304619
1.0 1.0015210841677449
1.0319288541467686 1.02283298436088
1.0434419381754387 1.0439259330079125
1.109890109631868 1.1010033823814072
1.1207138367315406 1.109410052285826
1.1269841267619047 1.1178623427793886
1.1479158097779492 1.1463711193652235
1.1917016806397058 1.2005356682393815
1.282976827197638 1.3144423484992214
1.3282027433473147 1.3433063823159892
1.3548085899693123 1.3527166778380488
1.375 1.3606465091385704
1.8222402035806722 1.4063799573991815
1.47610629883886 1.4746550385726334
1.4820584642721613 1.4847562818002311
1.4850376897230497 1.490609625267591
1.6158236501804435 1.611230321051348
1.7279711884952382 1.7103042217593307
1.723111146539881 1.7118153040947282
1.890976026320721 1.7770689142777736
1.8705804095309064 1.86368884957542
2.0304977631847394 1.9086191198857403
1.9716386555261063 1.9758643822092856
2.1726396442605047 2.3062065803122445
2.527007630632003 2.4114320637368065
2.454590332584423 2.4138493430169303
2.7296463670353814 2.7268478377587164
2.680509418322327 2.8448693354404573
2.915225563469048 2.9479162787204665
4.040023455042129 3.5002807308519466
4.442958267375404 4.2146729879634455
5.402188866153907 5.0945149326823165
5.628731024208711 5.7914622331678025
15.839480043835366 21.248735881723963
14.232104836791352 24.29291972935011
6.089315513187787 6.099904988719258
7.508968303850552 7.171075625611147
9.272769531831864 8.491438809015651
9.509719574502396 8.605704974166272
9.120109227532037 8.921339055183367
10.477969874481367 10.696368069065812
12.461954095574608 12.58824223441975
11.961313572206777 13.045547772112695
14.841858991350305 13.310046450252807
14.09496456180637 13.941318694184186
14.919315903758676 16.12517656624127
16.56732392120122 16.201830084608464
15.609668018503447 16.271716266253094
18.23668041856107 19.97882157967056
20.54290479321653 20.628343041831766
22.702444212153768 24.06894052744528
24.42048761223859 25.367173284722032
23.924235411643767 26.091301133014355
24.831086513878343 26.47479242269329
24.96921885899751 26.568534079740466
27.164022511495126 27.206177723097447
25.10454643413751 27.35878621568836
26.48563796116424 29.39498507782369
27.840611267955822 30.707131876738053
30.430230713764015 32.5644034234582
32.732561524217026 34.473246976964674
32.18095490708039 35.598773648445636
34.08401145909833 35.965965941313954
33.973752018166195 36.69287086871925
35.03265900396544 36.89260898444019
36.90131668189412 40.751025907835846
1.0 0.9848055024456108
1.2250000001232144 1.2323315777631578
1.3125000003125 1.3135936663731191
1.3278711479745098 1.3317828372793246
1.4117834268644747 1.408180940462422
1.7428571434380955 1.7308419377683948
1.7816806729329973 1.7749786499547395
1.8385888010561722 1.8298601955202316
2.5671930702186545 2.5855704856247796
7.974508537786463 5.660008522320937
8.02085896921478 6.870571334353009
9.268603606521472 7.248405950703938
2.4130122258549336 2.38103087223628
3.1593945925267137 2.8720551239263417
3.7655817099613547 3.7669351250538905
4.802947339851994 4.818425260157872
2.8112616707845 2.5184202303761003
3.8461880683805796 3.280503763782855
3.6877188645970307 3.5479964663848382
4.726605056605938 4.656918761931172
7.27205707915204 5.8695760054881925
5.925764774287493 5.885330040933975
4.421729580646021 6.4918400088922175
8.859662112743996 8.116277078285256
18.922286161756016 16.142158488482515
32.3719416166384 28.64184035103368
115.44222046320407 119.70606916402134
85.80999888353519 73.82867589795137
1.173333333407857 1.19173300595579
2.3030371802389977 2.3088738231385477
2.908695221831292 2.8391510101330937
4.188651811117633 3.939659684885648
6.224701121342999 5.76666898401622
8.40710428023498 7.852350122728519
13.135446511333923 11.462084290335573
33.933320178743045 30.97373383823903
40.96739740174004 37.48925791436867
107.5151324038161 95.42283248280563
120.03063222917537 114.78221678493091
131.25537764628646 119.06567379777194
146.0266302940856 130.46184316801157
219.00904666711844 201.22644640722652
241.05587661299347 222.5022262141095
248.62157442384273 229.61300202456437
1.0 0.9820643350076882
1.0 0.9820645526496954
1.0007575757621212 0.9828231969853756
1.0 0.9848054872732198
1.0 0.9930835578812932
1.0102040816387756 0.9930836595677004
1.0 1.004432712029151
1.3209345004199466 1.2987970197959515
1.3986928102361111 1.404552172119082
1.5478260868 1.5295987340646864
1.5414726074453773 1.5411713238703508
2.3109770844570017 2.0550915235682883
2.710093405514643 2.1120624266263857
2.2900824935366337 2.1163608694030134
2.231050225235857 2.222422328121556
2.3384732528322743 2.307863862095477
3.301541038464847 2.5885146479598986
2.625925642601107 2.893946270239905
2.6874976697502517 3.308530504599649
2.4955959826762295 4.078568348879461
2.558012820755195 2.5511971935782287
2.6225082852000665 2.6204493025590554
3.184823642334268 2.7060323462399607
2.30458095969875 3.118684008678158
3.280150372941689 3.3369854683958
5.240259927572889 5.266997288377229
1.19270833325 1.1149834842409871
1.3409090911704546 1.3450762056242729
1.4819506958111526 1.4675960314473435
1.7254590715323843 1.744078623564711
2.1034529082634097 1.8099051585044492
1.91829174080486 1.9230211213747352
2.998891272095581 2.066176311651061
2.24791666665 2.2443640695619123
2.805137188287328 2.5211759205504123
2.5617441381925135 2.695718798181192
2.6797314521487845 2.715943180152481
2.904897042510294 2.9011410436753
3.0291740603276827 2.9421734572930967
3.365050208563285 3.0962834179626935
3.3749512286487313 3.20826550724585
4.8295678100218264 3.3644709080628643
4.19366855614323 3.454982613579663
3.7062820789568565 3.5782283314816103
4.293625072162158 3.7616927979489017
6.305052221885639 4.736457649006797
4.858949499511702 4.997316422372137
4.9023388792273295 5.080764899850322
6.175191653773157 5.22193470653065
5.164787758999864 5.386785781436033
5.731259452038167 5.530156282008599
8.764084203060316 6.611495141919682
10.804924632491435 9.45952679625409
10.536110386761086 9.6483270106067
12.587377748089319 10.629685165165213
13.648262627435374 18.726113319001573
43.93974982763591 41.97788434333821
57.66228912629651 59.33744839234354
61.23291317569669 64.49124552050343
61.4335686378 64.69531862786435
5.009482552038139 4.498025751089483
5.445816823081115 5.489917525830698
5.8178311408476935 5.671149495104785
7.682695545045262 6.604333933666682
8.430282408274358 7.1983746248861955
7.602716854301483 7.442190796688914
8.730226901265397 8.751651034330045
14.157839297743596 13.814194436999859
21.81116022730584 18.900243454084357
22.852199016342958 20.60038806552426
26.63293327775998 22.44083782385869
33.513187711316455 24.24864840578317
29.017796777650968 25.434147990955616
57.77866612493815 49.771992004291384
68.56252787779432 55.51434555790416
123.25518723401348 110.59390857246794
5.5486620950788605 5.7000746707845975
6.186408285677906 6.230428904425239
41.079539512644274 34.541270979587196
49.54930298487279 42.01728880813607
73.31791574626195 55.23110500005297
83.31295818548998 61.84695366038449
125.82602037006279 70.0251474845362
1.2946428569218749 1.283600738059463
1.3942799423999135 1.384989662554632
1.969877181730317 1.9043055178397708
2.242857142816349 2.2390282295250623
2.691791630307185 2.7041510198322287
2.8000237742333454 2.7809068758807163
3.534734221998803 3.272947781515572
3.5334528966733556 3.2743537049825404
3.3545028425076073 3.319181386262772
3.377881767989918 3.4123661106211736
4.520353372923912 4.328699194027155
4.576161021627402 4.511445882009578
5.689502808082113 5.571677085872293
6.486274587315345 6.3649710074208485
6.56340495407933 6.671195546179843
11.992465994455209 11.08916210926785
356.5019858304547 234.88494315430032
4.676378729898556 3.5426936549670582
6.654803550149612 6.942413996975284
13.580740144862965 13.498385206509724
25.33167332052876 24.82911294804104
27.815016671357156 27.866188132903467
110.2070677702901 108.04767680835155
116.2294059771964 108.845192898096
118.16361081228142 112.84722657527529
133.98250590712146 129.52763726818853
214.24081957785899 201.4058953545532
365.9255380452296 349.6046645588356
430.37979506971794 403.7883145418847
460.5285397016261 421.95642913238413
2.11179205403097 2.104353887631884
7.6983206468274155 5.693795443471132
6.911343161524675 6.329301372792131
1.0 0.995868948674676
1.0 1.0192255565467216
1.0 1.0192255574668183
1.0 1.0192257207584683
1.0 1.0258228188826095
1.0312500000312501 1.056770027685806
1.1274509801830066 1.1565648308447831
1.2462121215814395 1.2670822477567494
1.3176470591 1.3197692267302656
1.5274725272175824 1.55848445360661
2.005393849886905 1.942330457849354
2.375246583407974 2.1476324780753258
3.0344182491023974 2.1883449289340158
11.810031689500013 10.597935451443343
11.624571322087784 10.71926483845805
3.593018746532486 3.6342582498401383
3.8351549492624475 3.738878768692466
3.8753017407785477 3.8785984870760544
5.044369355616109 4.894369191281075
5.004670294143797 4.991710869730375
5.248163973453528 5.255281836896195
6.472010853290658 5.540609991019958
6.329701868676701 6.135990046008464
6.1896018008544855 6.180788394176352
7.963710306610047 6.872674552653487
7.524120230778366 7.681641070031286
10.558933889668221 10.445364865879464
11.742905799020882 11.685012336280586
14.758223534801617 14.130918624529762
7.973372084322854 14.569777039785256
15.065694012247874 14.645236877312904
16.839123819777736 17.241337148086124
22.358291794881033 22.81129770762493
3.161538461305128 3.3211718713768232
3.4794380777588527 3.486117462855438
3.2310636463598637 3.7935252792089136
3.6241382782119453 3.8967192609245984
2.9583962213464994 3.908181966769336
3.35527939553912 4.014095050061623
3.9868907565507143 4.104940006169448
5.065933114573015 4.620648909284469
4.2724735718802265 4.832244453494392
4.4848913582888414 5.005289817766768
4.482629620714354 5.121755577856315
5.45855158587502 5.4497102622686535
7.328065275510002 6.3944871414914
6.3674961951998785 6.510071303451946
5.6020898404445045 6.673418683945335
7.879235765903133 7.021767734282954
7.914142940694709 7.8646166256218395
10.948199742745786 11.788193762555547
16.566862691512505 17.33419181651525
5.404122225941459 4.568567395844941
4.62962955634768 4.6352479007015495
10.683162064982515 9.4050619140059
13.932130103875169 13.141995165766373
18.597907713542476 17.09760327910553
18.62344915759864 17.509429402048735
30.92150485765023 28.469733861600822
35.20484932027815 31.68039417268798
41.777285780661856 33.98030563042604
40.37434779240642 36.8741273213769
41.14685725888062 37.90462093975553
45.51035394179093 38.92157927764027
46.91060651900252 40.21854783081451
50.458470812140014 47.187829554168594
64.15878675874829 54.02724947966809
69.82206891030255 57.59983125221306
87.5683423533286 80.14087285373584
118.25817617822987 111.7306607047298
128.25980405951637 116.6666437567628
136.6533148439593 119.2140413624995
147.4363929521833 127.05706735504371
151.1448614893714 137.4804472427297
2.1515479518984812 1.9705358041534609
2.3388434375608003 2.251070548402487
2.9380432215615677 2.686346484153036
2.8952939123021193 2.9379979828034104
3.6999376655660496 3.13575841125898
6.069016639179185 4.033401465226697
14.071279694454422 4.352898892907741
2.185228920210357 2.1056180034911574
2.1120927598331334 2.106124453889212
23.59252809530438 3.8883326821782322
5.649288234141236 4.644507312923335
6.752793555250517 6.804581117485517
12.483178019615062 11.916319325416383
15.480335835821805 15.395891092026329
17.174220839801563 15.614019747198693
21.015629298845926 18.88164786053042
1.044444444288889 1.0044342541540086
1.0 1.0074691484228593
1.0 1.0107503195560428
1.0294117645 1.0412243866770396
1.0854141656015908 1.0921605496823388
1.1523570999810107 1.1596594654658186
1.32597117785 1.3301983654926914
2.402504947163306 2.437035824212322
2.6392674093599053 2.6590906668726206
3.27490518470026 3.3197373430984904
3.6693333984066734 3.6763733538094514
3.7719507606994696 3.7496002856048327
4.25376718165709 4.237693711073995
4.344890116599322 4.413728416988566
7.889120895460414 5.441458640587197
6.206412348509306 6.304010671254237
7.7605016044355875 7.544637693810266
9.533387175123828 9.586826756877564
8.733911148582939 10.413739318008258
11.336914290926579 10.70991396218735
1.841928137625 1.828795143094006
3.6564694966775937 3.253777205175877
20.38457999133887 16.056165637698154
114.9915844611778 95.52015452826231
169.1766137114823 142.4357283663369
1.158977203080823 1.38592443937389
2.064705882125 2.065333594851997
2.497866839426374 2.5003696262904507
6.250856542335624 5.945343491289426
13.494853186890888 14.524966581847668
37.05984190561785 33.24469154721479
71.24692459661128 67.99683125522394
110.67270846613 100.67368448902607
3.8748822499723787 3.660528747981018
5.522371474149113 5.547110166043598
5.979029431931919 6.1033592392962825
7.941021294032319 7.219106601922035
10.714466357016066 10.008061813826316
11.272711920583241 11.506008767272244
15.598526830326469 13.994323204050106
19.16229662782714 17.832618255015102
25.023762141715128 21.525257479198316
37.11488521386241 30.437273730159692
52.57015494672045 43.854017435975095
1.3020530321850459 1.2309029318038065
1.3393939389878788 1.3348278071951982
1.475873460560455 1.4797253003801392
2.431420345705673 2.4287190168349286
2.988494183682759 2.558900437280459
3.014305743732099 3.0145296663168324
4.469493842428818 3.5016056827508018
4.373917000642553 4.301610024595327
4.800693603793772 4.3922966372986725
4.735853056405519 4.759005303830189
6.316934630808222 5.518367619434124
7.160761177977676 6.720907975630486
7.016853302512484 7.0442270104527545
8.997396334729116 8.32596180576799
11.611474513942408 10.116091470037444
13.102823754501554 13.059055922479672
18.32792643141924 17.107090594161168
22.769659198073157 20.544612564263733
21.56763125060533 20.85518389667763
27.660964681561087 26.54367770708181
2.1193665989027797 1.2368593391113234
1.9097402596103896 1.8988494864206285
2.4298703745993557 2.4272086967098083
2.7119084122038477 2.7092529224670683
2.7211593726091245 2.7152529256299944
3.467153276594966 3.267395630865959
5.492438472107136 4.461619032770908
4.9624008783262585 4.946208153010026
6.737385015301685 6.734705956709544
13.142323537623048 11.208534927310481
27.41761101418646 21.078423495876187
114.72654465495368 75.31064964740497
101.99727436276257 81.69256924790605
103.80353171362049 84.71941887418244
177.82766873750617 141.33260702946214
1.0160427807299466 1.0146981563137258
1.7090304615870693 1.5018729695047301
1.89176470566 1.6422053002083197
2.1583483111649864 2.185346409873079
2.2945812253995266 2.218074345054007
3.142170912696281 3.0695928916612236
3.4679738041549766 3.1447903019162915
4.481411573735992 4.037383885696428
4.349960580882227 4.296454303595213
6.737889022597118 6.487845918965969
10.012064177665598 9.659022618664348
