1 326678367
2 14631994
3 2350072
4 956614
5 568035
6 441747
7 411165
8 432805
9 487916
10 568481
11 671899
12 795358
13 942985
14 1111510
15 1309534
16 1532289
17 1776923
18 2032355
19 2303865
20 2565167
21 2816092
22 3039869
23 3239698
24 3403590
25 3508124
26 3572218
27 3575056
28 3530289
29 3436316
30 3304949
31 3141475
32 2945290
33 2731648
34 2500449
35 2262006
36 2032043
37 1808922
38 1590828
39 1387210
40 1199739
41 1029622
42 874834
43 739545
44 621183
45 518562
46 433722
47 362106
48 301581
49 249993
50 208739
51 173763
52 145717
53 124141
54 105779
55 91467
56 80625
57 70650
58 63872
59 57539
60 52875
61 48634
62 45446
63 42399
64 40116
65 37904
66 35810
67 34292
68 32977
69 31157
70 29675
71 28129
72 27518
73 26145
74 24683
75 23610
76 22683
77 21692
78 21107
79 20581
80 19562
81 19137
82 18334
83 17847
84 17183
85 16627
86 16306
87 15872
88 15376
89 15058
90 15006
91 14424
92 14173
93 13617
94 13348
95 13067
96 12702
97 12564
98 12150
99 11830
100 11813
101 11526
102 11353
103 10954
104 10755
105 10514
106 9883
107 9884
108 9476
109 9165
110 9200
111 8701
112 8351
113 8433
114 8141
115 7932
116 7906
117 7499
118 7227
119 7050
120 6984
121 6640
122 6642
123 6302
124 6053
125 6142
126 5824
127 5622
128 5496
129 5343
130 5220
131 5138
132 5055
133 5043
134 4782
135 4836
136 4583
137 4383
138 4490
139 4476
140 4408
141 4328
142 4122
143 3879
144 3765
145 3793
146 3678
147 3569
148 3488
149 3374
150 3331
151 3296
152 3280
153 3195
154 3145
155 3130
156 2962
157 2928
158 2845
159 2837
160 2859
161 2624
162 2713
163 2594
164 2548
165 2483
166 2414
167 2414
168 2323
169 2246
170 2305
171 2160
172 2192
173 2180
174 2160
175 2156
176 2011
177 1999
178 1893
179 1949
180 1984
181 1950
182 1892
183 1838
184 1840
185 1792
186 1768
187 1788
188 1792
189 1765
190 1723
191 1723
192 1598
193 1658
194 1603
195 1638
196 1552
197 1514
198 1472
199 1468
200 1459
201 1489
202 1510
203 1433
204 1455
205 1334
206 1435
207 1387
208 1360
209 1406
210 1300
211 1316
212 1316
213 1245
214 1169
215 1162
216 1189
217 1166
218 1197
219 1230
220 1150
221 1127
222 1162
223 1138
224 1210
225 1066
226 1082
227 1078
228 1111
229 1078
230 1046
231 1051
232 1051
233 1090
234 1079
235 987
236 975
237 996
238 940
239 957
240 943
241 942
242 967
243 906
244 902
245 864
246 856
247 909
248 876
249 885
250 829
251 866
252 848
253 823
254 812
255 814
256 806
257 775
258 735
259 815
260 774
261 792
262 786
263 800
264 787
265 751
266 773
267 712
268 713
269 711
270 723
271 766
272 738
273 720
274 691
275 656
276 659
277 658
278 672
279 680
280 639
281 647
282 648
283 625
284 651
285 599
286 618
287 628
288 600
289 632
290 610
291 604
292 579
293 620
294 599
295 561
296 609
297 582
298 599
299 552
300 561
301 581
302 544
303 579
304 523
305 570
306 568
307 543
308 546
309 501
310 548
311 494
312 515
313 507
314 537
315 477
316 476
317 489
318 477
319 469
320 482
321 471
322 464
323 422
324 441
325 427
326 476
327 490
328 457
329 455
330 445
331 422
332 463
333 434
334 440
335 417
336 460
337 450
338 462
339 423
340 368
341 423
342 420
343 384
344 397
345 399
346 350
347 415
348 403
349 384
350 357
351 439
352 382
353 394
354 383
355 420
356 374
357 388
358 322
359 376
360 360
361 344
362 356
363 375
364 342
365 343
366 385
367 365
368 349
369 327
370 390
371 298
372 376
373 359
374 363
375 320
376 361
377 350
378 347
379 319
380 317
381 314
382 332
383 300
384 322
385 328
386 323
387 314
388 295
389 299
390 320
391 305
392 292
393 321
394 299
395 278
396 276
397 268
398 312
399 268
400 290
401 321
402 295
403 291
404 291
405 278
406 291
407 285
408 280
409 257
410 296
411 251
412 257
413 265
414 237
415 265
416 255
417 254
418 277
419 265
420 276
421 288
422 260
423 255
424 261
425 245
426 231
427 231
428 253
429 279
430 225
431 237
432 239
433 218
434 239
435 239
436 257
437 251
438 243
439 233
440 241
441 228
442 236
443 229
444 218
445 241
446 231
447 235
448 221
449 217
450 231
451 213
452 207
453 230
454 210
455 205
456 221
457 203
458 190
459 210
460 198
461 194
462 207
463 228
464 222
465 190
466 226
467 222
468 178
469 201
470 205
471 216
472 180
473 202
474 189
475 202
476 195
477 200
478 186
479 207
480 187
481 197
482 204
483 191
484 163
485 208
486 158
487 189
488 168
489 151
490 197
491 182
492 209
493 164
494 174
495 190
496 180
497 178
498 173
499 196
500 150
501 176
502 168
503 181
504 164
505 173
506 164
507 184
508 167
509 153
510 179
511 156
512 150
513 166
514 171
515 169
516 162
517 178
518 151
519 166
520 164
521 179
522 163
523 175
524 154
525 156
526 153
527 159
528 154
529 178
530 156
531 168
532 141
533 151
534 154
535 166
536 134
537 148
538 143
539 146
540 142
541 159
542 154
543 164
544 164
545 161
546 132
547 148
548 152
549 154
550 139
551 136
552 138
553 125
554 176
555 136
556 141
557 153
558 143
559 129
560 128
561 148
562 125
563 135
564 133
565 137
566 129
567 136
568 155
569 129
570 136
571 131
572 129
573 119
574 125
575 119
576 133
577 125
578 116
579 126
580 114
581 108
582 124
583 125
584 131
585 120
586 97
587 122
588 113
589 96
590 109
591 134
592 118
593 123
594 110
595 117
596 118
597 105
598 111
599 124
600 113
601 101
602 118
603 114
604 118
605 95
606 114
607 116
608 117
609 101
610 115
611 106
612 109
613 113
614 105
615 126
616 113
617 100
618 101
619 91
620 102
621 100
622 124
623 113
624 106
625 93
626 94
627 121
628 126
629 113
630 84
631 95
632 106
633 98
634 122
635 102
636 105
637 87
638 121
639 96
640 95
641 109
642 106
643 84
644 110
645 117
646 115
647 101
648 95
649 100
650 92
651 111
652 91
653 101
654 110
655 83
656 97
657 91
658 107
659 94
660 87
661 68
662 103
663 81
664 106
665 89
666 93
667 89
668 91
669 88
670 101
671 84
672 94
673 92
674 82
675 93
676 113
677 99
678 94
679 106
680 90
681 95
682 80
683 77
684 81
685 94
686 91
687 97
688 71
689 87
690 77
691 93
692 90
693 86
694 71
695 80
696 91
697 91
698 94
699 84
700 83
701 79
702 78
703 79
704 80
705 72
706 77
707 81
708 83
709 76
710 76
711 74
712 76
713 85
714 73
715 82
716 77
717 68
718 77
719 91
720 73
721 75
722 100
723 68
724 56
725 84
726 74
727 90
728 60
729 71
730 84
731 84
732 60
733 91
734 58
735 82
736 67
737 87
738 69
739 75
740 70
741 67
742 68
743 70
744 82
745 87
746 80
747 64
748 66
749 61
750 67
751 53
752 74
753 100
754 64
755 68
756 84
757 73
758 58
759 77
760 76
761 68
762 69
763 73
764 65
765 60
766 54
767 61
768 65
769 84
770 75
771 68
772 63
773 62
774 68
775 54
776 49
777 61
778 57
779 70
780 69
781 75
782 65
783 64
784 70
785 73
786 55
787 56
788 59
789 73
790 60
791 53
792 57
793 57
794 54
795 58
796 58
797 70
798 55
799 56
800 67
801 59
802 69
803 61
804 71
805 69
806 63
807 72
808 65
809 51
810 55
811 67
812 61
813 48
814 71
815 59
816 63
817 67
818 51
819 55
820 60
821 71
822 72
823 60
824 61
825 60
826 73
827 46
828 54
829 49
830 54
831 54
832 63
833 50
834 59
835 52
836 49
837 52
838 60
839 50
840 61
841 56
842 58
843 52
844 65
845 44
846 54
847 50
848 49
849 43
850 40
851 41
852 48
853 57
854 62
855 50
856 42
857 59
858 46
859 59
860 43
861 47
862 50
863 45
864 56
865 51
866 55
867 46
868 43
869 53
870 43
871 48
872 61
873 58
874 44
875 43
876 44
877 48
878 62
879 57
880 48
881 49
882 47
883 38
884 58
885 45
886 38
887 50
888 50
889 63
890 44
891 54
892 56
893 57
894 43
895 54
896 43
897 51
898 41
899 52
900 60
901 51
902 51
903 37
904 47
905 48
906 35
907 54
908 41
909 64
910 50
911 50
912 43
913 44
914 45
915 50
916 41
917 39
918 41
919 50
920 37
921 48
922 56
923 50
924 46
925 47
926 39
927 38
928 50
929 54
930 43
931 46
932 54
933 42
934 33
935 51
936 45
937 48
938 39
939 43
940 28
941 36
942 40
943 48
944 33
945 37
946 38
947 34
948 40
949 36
950 38
951 45
952 45
953 52
954 38
955 43
956 54
957 36
958 41
959 46
960 36
961 43
962 43
963 33
964 41
965 60
966 46
967 28
968 54
969 52
970 27
971 52
972 30
973 37
974 36
975 43
976 42
977 39
978 39
979 49
980 40
981 44
982 48
983 43
984 36
985 32
986 47
987 37
988 45
989 32
990 26
991 41
992 35
993 49
994 47
995 46
996 43
997 38
998 39
999 33
1000 38
1001 42
1002 36
1003 48
1004 39
1005 43
1006 30
1007 36
1008 35
1009 39
1010 37
1011 24
1012 42
1013 38
1014 35
1015 30
1016 41
1017 36
1018 42
1019 45
1020 42
1021 33
1022 37
1023 41
1024 45
1025 37
1026 40
1027 44
1028 40
1029 35
1030 37
1031 36
1032 26
1033 35
1034 37
1035 39
1036 39
1037 37
1038 39
1039 35
1040 21
1041 32
1042 36
1043 35
1044 37
1045 37
1046 46
1047 21
1048 37
1049 33
1050 24
1051 34
1052 37
1053 31
1054 32
1055 32
1056 28
1057 37
1058 37
1059 32
1060 30
1061 41
1062 28
1063 38
1064 34
1065 36
1066 30
1067 34
1068 29
1069 40
1070 24
1071 27
1072 37
1073 29
1074 30
1075 37
1076 32
1077 25
1078 28
1079 27
1080 36
1081 27
1082 24
1083 29
1084 31
1085 30
1086 33
1087 31
1088 33
1089 39
1090 34
1091 26
1092 41
1093 33
1094 33
1095 32
1096 30
1097 28
1098 29
1099 34
1100 37
1101 39
1102 37
1103 31
1104 34
1105 28
1106 25
1107 31
1108 34
1109 29
1110 25
1111 21
1112 28
1113 33
1114 36
1115 28
1116 28
1117 25
1118 37
1119 33
1120 32
1121 25
1122 42
1123 40
1124 34
1125 34
1126 33
1127 30
1128 24
1129 24
1130 29
1131 29
1132 30
1133 23
1134 34
1135 32
1136 28
1137 33
1138 27
1139 29
1140 33
1141 26
1142 29
1143 29
1144 36
1145 22
1146 24
1147 35
1148 29
1149 30
1150 28
1151 30
1152 25
1153 32
1154 29
1155 28
1156 24
1157 34
1158 40
1159 38
1160 23
1161 37
1162 36
1163 29
1164 32
1165 24
1166 34
1167 23
1168 19
1169 31
1170 27
1171 25
1172 26
1173 20
1174 22
1175 32
1176 28
1177 30
1178 30
1179 19
1180 24
1181 27
1182 24
1183 29
1184 20
1185 20
1186 27
1187 30
1188 29
1189 25
1190 29
1191 26
1192 23
1193 30
1194 27
1195 38
1196 28
1197 21
1198 28
1199 21
1200 34
1201 24
1202 26
1203 28
1204 26
1205 21
1206 23
1207 30
1208 25
1209 23
1210 40
1211 26
1212 26
1213 34
1214 28
1215 28
1216 29
1217 29
1218 31
1219 17
1220 24
1221 20
1222 27
1223 21
1224 20
1225 33
1226 20
1227 22
1228 22
1229 24
1230 10
1231 22
1232 26
1233 18
1234 22
1235 26
1236 24
1237 33
1238 20
1239 18
1240 23
1241 30
1242 30
1243 24
1244 29
1245 41
1246 23
1247 27
1248 20
1249 22
1250 28
1251 22
1252 35
1253 21
1254 29
1255 19
1256 27
1257 24
1258 26
1259 19
1260 21
1261 21
1262 18
1263 27
1264 23
1265 23
1266 17
1267 24
1268 22
1269 23
1270 26
1271 26
1272 19
1273 30
1274 27
1275 24
1276 22
1277 28
1278 20
1279 36
1280 17
1281 18
1282 22
1283 22
1284 26
1285 28
1286 15
1287 25
1288 28
1289 31
1290 26
1291 24
1292 18
1293 26
1294 28
1295 22
1296 18
1297 20
1298 28
1299 22
1300 23
1301 22
1302 26
1303 29
1304 20
1305 16
1306 18
1307 23
1308 24
1309 25
1310 26
1311 26
1312 19
1313 20
1314 17
1315 27
1316 24
1317 23
1318 9
1319 20
1320 21
1321 23
1322 21
1323 18
1324 11
1325 17
1326 18
1327 23
1328 26
1329 15
1330 26
1331 24
1332 23
1333 16
1334 25
1335 22
1336 31
1337 21
1338 18
1339 27
1340 15
1341 26
1342 20
1343 16
1344 18
1345 19
1346 20
1347 13
1348 16
1349 22
1350 15
1351 21
1352 14
1353 22
1354 18
1355 14
1356 22
1357 17
1358 26
1359 19
1360 20
1361 23
1362 20
1363 19
1364 21
1365 21
1366 17
1367 29
1368 21
1369 18
1370 28
1371 18
1372 19
1373 17
1374 13
1375 19
1376 21
1377 23
1378 20
1379 22
1380 12
1381 22
1382 19
1383 20
1384 11
1385 19
1386 23
1387 23
1388 18
1389 14
1390 20
1391 16
1392 21
1393 16
1394 11
1395 19
1396 19
1397 24
1398 22
1399 26
1400 25
1401 20
1402 23
1403 20
1404 21
1405 12
1406 16
1407 14
1408 15
1409 20
1410 20
1411 32
1412 15
1413 19
1414 20
1415 21
1416 22
1417 18
1418 19
1419 16
1420 20
1421 20
1422 15
1423 22
1424 18
1425 14
1426 12
1427 18
1428 25
1429 14
1430 23
1431 15
1432 16
1433 20
1434 21
1435 12
1436 16
1437 16
1438 24
1439 13
1440 19
1441 20
1442 14
1443 21
1444 26
1445 14
1446 13
1447 24
1448 13
1449 17
1450 18
1451 22
1452 12
1453 18
1454 17
1455 21
1456 19
1457 17
1458 16
1459 15
1460 14
1461 15
1462 17
1463 11
1464 14
1465 15
1466 18
1467 18
1468 19
1469 14
1470 17
1471 21
1472 16
1473 18
1474 21
1475 19
1476 15
1477 13
1478 19
1479 24
1480 17
1481 26
1482 12
1483 11
1484 20
1485 10
1486 20
1487 13
1488 13
1489 18
1490 13
1491 20
1492 15
1493 22
1494 21
1495 16
1496 12
1497 13
1498 16
1499 8
1500 15
1501 12
1502 19
1503 13
1504 12
1505 14
1506 9
1507 16
1508 17
1509 19
1510 13
1511 16
1512 16
1513 14
1514 22
1515 28
1516 17
1517 14
1518 11
1519 12
1520 20
1521 18
1522 24
1523 14
1524 8
1525 8
1526 18
1527 19
1528 19
1529 21
1530 21
1531 14
1532 14
1533 14
1534 18
1535 15
1536 13
1537 15
1538 18
1539 11
1540 18
1541 8
1542 12
1543 21
1544 12
1545 18
1546 12
1547 15
1548 13
1549 18
1550 11
1551 21
1552 19
1553 19
1554 19
1555 11
1556 14
1557 18
1558 19
1559 13
1560 9
1561 16
1562 10
1563 18
1564 21
1565 12
1566 17
1567 12
1568 14
1569 11
1570 16
1571 15
1572 18
1573 20
1574 23
1575 20
1576 16
1577 17
1578 10
1579 15
1580 15
1581 16
1582 16
1583 17
1584 19
1585 8
1586 12
1587 19
1588 13
1589 11
1590 13
1591 15
1592 13
1593 14
1594 14
1595 14
1596 23
1597 17
1598 20
1599 11
1600 17
1601 16
1602 16
1603 15
1604 10
1605 17
1606 12
1607 17
1608 17
1609 12
1610 17
1611 19
1612 20
1613 10
1614 12
1615 19
1616 19
1617 20
1618 19
1619 12
1620 9
1621 13
1622 19
1623 16
1624 17
1625 14
1626 11
1627 18
1628 20
1629 13
1630 18
1631 12
1632 9
1633 17
1634 8
1635 10
1636 16
1637 17
1638 7
1639 13
1640 14
1641 16
1642 11
1643 17
1644 9
1645 18
1646 14
1647 10
1648 15
1649 12
1650 8
1651 10
1652 18
1653 12
1654 12
1655 15
1656 11
1657 8
1658 17
1659 13
1660 17
1661 10
1662 14
1663 19
1664 14
1665 12
1666 22
1667 8
1668 14
1669 16
1670 20
1671 10
1672 11
1673 8
1674 16
1675 9
1676 8
1677 13
1678 10
1679 8
1680 18
1681 8
1682 15
1683 13
1684 14
1685 12
1686 16
1687 5
1688 17
1689 15
1690 13
1691 11
1692 13
1693 9
1694 15
1695 12
1696 16
1697 10
1698 15
1699 10
1700 17
1701 9
1702 16
1703 12
1704 13
1705 7
1706 10
1707 13
1708 20
1709 15
1710 11
1711 16
1712 6
1713 12
1714 15
1715 8
1716 16
1717 10
1718 13
1719 13
1720 17
1721 10
1722 13
1723 16
1724 8
1725 13
1726 18
1727 9
1728 9
1729 9
1730 11
1731 17
1732 10
1733 16
1734 15
1735 16
1736 5
1737 10
1738 9
1739 14
1740 13
1741 8
1742 10
1743 8
1744 14
1745 13
1746 16
1747 8
1748 9
1749 12
1750 15
1751 12
1752 13
1753 16
1754 5
1755 14
1756 11
1757 12
1758 12
1759 16
1760 6
1761 9
1762 8
1763 17
1764 11
1765 12
1766 8
1767 8
1768 14
1769 6
1770 13
1771 9
1772 21
1773 15
1774 9
1775 14
1776 10
1777 7
1778 11
1779 10
1780 11
1781 13
1782 11
1783 12
1784 18
1785 11
1786 7
1787 17
1788 6
1789 11
1790 14
1791 14
1792 12
1793 12
1794 15
1795 14
1796 13
1797 16
1798 9
1799 11
1800 9
1801 11
1802 15
1803 8
1804 12
1805 9
1806 8
1807 19
1808 10
1809 12
1810 9
1811 9
1812 16
1813 9
1814 8
1815 12
1816 11
1817 15
1818 14
1819 16
1820 23
1821 6
1822 7
1823 8
1824 11
1825 10
1826 10
1827 14
1828 9
1829 12
1830 11
1831 14
1832 14
1833 9
1834 9
1835 15
1836 10
1837 20
1838 15
1839 14
1840 13
1841 8
1842 10
1843 12
1844 16
1845 10
1846 15
1847 15
1848 13
1849 14
1850 15
1851 13
1852 8
1853 17
1854 10
1855 7
1856 10
1857 11
1858 9
1859 10
1860 9
1861 18
1862 16
1863 9
1864 7
1865 18
1866 9
1867 5
1868 9
1869 13
1870 14
1871 14
1872 11
1873 9
1874 9
1875 10
1876 9
1877 7
1878 4
1879 7
1880 14
1881 4
1882 10
1883 11
1884 11
1885 10
1886 9
1887 5
1888 13
1889 16
1890 12
1891 7
1892 12
1893 11
1894 11
1895 7
1896 11
1897 14
1898 9
1899 9
1900 8
1901 11
1902 10
1903 13
1904 12
1905 15
1906 17
1907 8
1908 7
1909 9
1910 11
1911 11
1912 10
1913 4
1914 13
1915 5
1916 5
1917 12
1918 13
1919 9
1920 7
1921 14
1922 13
1923 5
1924 13
1925 13
1926 11
1927 12
1928 7
1929 5
1930 7
1931 10
1932 8
1933 9
1934 4
1935 12
1936 11
1937 13
1938 8
1939 11
1940 12
1941 11
1942 7
1943 15
1944 11
1945 14
1946 8
1947 9
1948 4
1949 4
1950 7
1951 9
1952 13
1953 7
1954 12
1955 8
1956 6
1957 12
1958 9
1959 9
1960 14
1961 15
1962 6
1963 11
1964 15
1965 6
1966 9
1967 6
1968 3
1969 9
1970 11
1971 6
1972 8
1973 7
1974 9
1975 11
1976 11
1977 7
1978 8
1979 11
1980 12
1981 11
1982 9
1983 17
1984 12
1985 12
1986 10
1987 10
1988 13
1989 10
1990 11
1991 5
1992 16
1993 12
1994 3
1995 14
1996 6
1997 8
1998 6
1999 11
2000 6
2001 10
2002 6
2003 9
2004 9
2005 9
2006 8
2007 6
2008 8
2009 11
2010 8
2011 6
2012 12
2013 8
2014 7
2015 6
2016 9
2017 9
2018 5
2019 5
2020 11
2021 7
2022 8
2023 6
2024 7
2025 8
2026 5
2027 5
2028 5
2029 14
2030 10
2031 3
2032 11
2033 10
2034 3
2035 10
2036 7
2037 13
2038 6
2039 10
2040 11
2041 11
2042 9
2043 9
2044 8
2045 5
2046 15
2047 6
2048 4
2049 9
2050 5
2051 8
2052 10
2053 5
2054 10
2055 10
2056 2
2057 9
2058 8
2059 12
2060 8
2061 10
2062 6
2063 13
2064 5
2065 5
2066 6
2067 5
2068 6
2069 7
2070 5
2071 7
2072 11
2073 7
2074 9
2075 13
2076 8
2077 8
2078 11
2079 14
2080 6
2081 9
2082 5
2083 5
2084 15
2085 17
2086 10
2087 10
2088 6
2089 12
2090 8
2091 9
2092 8
2093 9
2094 12
2095 5
2096 18
2097 6
2098 11
2099 9
2100 8
2101 8
2102 10
2103 11
2104 10
2105 7
2106 12
2107 11
2108 16
2109 5
2110 8
2111 11
2112 9
2113 9
2114 7
2115 8
2116 10
2117 9
2118 4
2119 12
2120 12
2121 6
2122 10
2123 5
2124 12
2125 6
2126 10
2127 6
2128 10
2129 5
2130 13
2131 9
2132 14
2133 9
2134 8
2135 13
2136 13
2137 9
2138 11
2139 7
2140 7
2141 4
2142 2
2143 9
2144 6
2145 9
2146 12
2147 14
2148 12
2149 5
2150 6
2151 10
2152 5
2153 10
2154 7
2155 9
2156 9
2157 7
2158 11
2159 8
2160 16
2161 10
2162 8
2163 8
2164 14
2165 14
2166 7
2167 9
2168 4
2169 11
2170 8
2171 12
2172 5
2173 7
2174 11
2175 10
2176 11
2177 11
2178 9
2179 10
2180 11
2181 6
2182 5
2183 4
2184 5
2185 13
2186 7
2187 8
2188 11
2189 9
2190 12
2191 14
2192 8
2193 13
2194 4
2195 11
2196 11
2197 7
2198 3
2199 5
2200 3
2201 6
2202 12
2203 4
2204 7
2205 7
2206 6
2207 10
2208 6
2209 11
2210 10
2211 7
2212 2
2213 9
2214 7
2215 9
2216 11
2217 12
2218 9
2219 8
2220 6
2221 2
2222 5
2223 2
2224 10
2225 10
2226 7
2227 7
2228 5
2229 7
2230 7
2231 9
2232 9
2233 9
2234 10
2235 8
2236 7
2237 7
2238 10
2239 6
2240 7
2241 9
2242 13
2243 5
2244 2
2245 17
2246 5
2247 7
2248 9
2249 8
2250 8
2251 11
2252 8
2253 5
2254 8
2255 6
2256 7
2257 3
2258 9
2259 11
2260 6
2261 3
2262 7
2263 7
2264 6
2265 5
2266 8
2267 6
2268 6
2269 5
2270 4
2271 10
2272 6
2273 7
2274 7
2275 5
2276 8
2277 8
2278 8
2279 13
2280 9
2281 11
2282 4
2283 6
2284 9
2285 7
2286 10
2287 5
2288 6
2289 11
2290 5
2291 12
2292 9
2293 4
2294 9
2295 15
2296 7
2297 10
2298 4
2299 6
2300 4
2301 11
2302 5
2303 9
2304 15
2305 4
2306 9
2307 9
2308 13
2309 6
2310 4
2311 12
2312 7
2313 13
2314 8
2315 12
2316 10
2317 7
2318 6
2319 5
2320 8
2321 5
2322 4
2323 7
2324 7
2325 7
2326 6
2327 4
2328 10
2329 10
2330 7
2331 7
2332 2
2333 8
2334 5
2335 6
2336 4
2337 7
2338 12
2339 6
2340 6
2341 9
2342 11
2343 10
2344 6
2345 8
2346 9
2347 7
2348 10
2349 9
2350 5
2351 9
2352 2
2353 7
2354 9
2355 6
2356 7
2357 3
2358 6
2359 4
2360 6
2361 6
2362 5
2363 5
2364 6
2365 7
2366 7
2367 5
2368 3
2369 11
2370 4
2371 6
2372 5
2373 5
2374 10
2375 7
2376 8
2377 4
2378 6
2379 12
2380 7
2381 6
2382 3
2383 11
2384 5
2385 4
2386 8
2387 1
2388 7
2389 5
2390 9
2391 5
2392 6
2393 3
2394 6
2395 7
2396 5
2397 10
2398 2
2399 6
2400 10
2401 7
2402 5
2403 4
2404 5
2405 7
2406 7
2407 4
2408 9
2409 1
2410 6
2411 4
2412 4
2413 4
2414 3
2415 8
2416 5
2417 4
2418 6
2419 7
2420 9
2421 4
2422 7
2423 5
2424 4
2425 8
2426 5
2427 7
2428 7
2429 5
2430 5
2431 8
2432 6
2433 6
2434 7
2435 6
2436 5
2437 6
2438 4
2439 7
2440 8
2441 4
2442 4
2443 3
2444 3
2445 4
2446 7
2447 7
2448 3
2449 2
2450 3
2451 6
2452 8
2453 3
2454 7
2455 8
2456 9
2457 8
2458 3
2459 6
2460 4
2461 9
2462 6
2463 8
2464 4
2465 4
2466 8
2467 3
2468 11
2469 5
2470 12
2471 8
2472 10
2473 7
2474 6
2475 11
2476 10
2477 3
2478 8
2479 6
2480 5
2481 4
2482 7
2483 9
2484 6
2485 5
2486 12
2487 8
2488 3
2489 8
2490 9
2491 3
2492 9
2493 5
2494 2
2495 5
2496 3
2497 5
2498 5
2499 5
2500 5
2501 3
2502 11
2503 12
2504 9
2505 8
2506 7
2507 7
2508 7
2509 6
2510 3
2512 10
2513 3
2514 5
2515 7
2516 5
2517 4
2518 7
2519 7
2520 11
2521 5
2522 7
2523 6
2524 9
2525 9
2526 5
2527 9
2528 7
2529 1
2530 4
2531 6
2532 7
2533 9
2534 8
2535 1
2536 8
2537 5
2538 7
2539 5
2540 6
2541 5
2542 5
2543 8
2544 4
2545 10
2546 7
2547 8
2548 7
2549 5
2550 7
2551 4
2552 9
2553 5
2554 7
2555 8
2556 5
2557 7
2558 4
2559 5
2560 7
2561 5
2562 9
2563 6
2564 5
2565 4
2566 5
2567 6
2568 3
2569 3
2570 7
2571 10
2572 4
2573 8
2574 5
2575 5
2576 10
2577 5
2578 3
2579 6
2580 6
2581 10
2582 3
2583 5
2584 4
2585 11
2586 5
2587 11
2588 1
2589 3
2590 3
2591 5
2592 7
2593 1
2594 7
2595 7
2596 6
2597 7
2598 6
2599 4
2600 6
2601 9
2602 3
2603 4
2605 5
2606 6
2607 2
2608 4
2609 3
2610 3
2611 6
2612 5
2613 4
2614 4
2615 3
2616 2
2617 5
2618 8
2619 7
2620 11
2621 4
2622 5
2623 11
2624 8
2625 7
2626 12
2627 6
2628 10
2629 5
2630 4
2631 9
2632 4
2633 6
2634 4
2635 3
2636 4
2637 7
2638 7
2639 13
2640 6
2641 6
2642 7
2643 7
2644 8
2645 8
2646 8
2647 5
2648 8
2649 4
2650 6
2651 4
2652 5
2653 2
2654 7
2655 4
2656 3
2657 5
2658 3
2659 11
2660 6
2661 4
2662 5
2663 3
2664 8
2665 2
2666 3
2667 8
2668 3
2669 7
2670 4
2671 8
2672 4
2673 3
2674 5
2675 4
2676 7
2677 4
2678 6
2679 7
2680 6
2681 6
2682 3
2683 5
2684 5
2685 4
2686 6
2687 5
2688 4
2689 3
2690 5
2691 3
2692 4
2693 7
2694 4
2695 4
2696 3
2697 8
2698 5
2699 4
2700 5
2701 3
2702 2
2704 3
2705 8
2706 5
2707 7
2708 5
2709 3
2710 2
2711 5
2712 4
2713 3
2714 8
2715 2
2716 8
2717 5
2718 6
2719 6
2720 3
2721 4
2722 3
2723 3
2724 1
2725 2
2726 2
2727 5
2728 2
2729 6
2730 8
2731 5
2732 5
2733 6
2734 11
2735 5
2736 7
2737 6
2738 1
2739 4
2741 5
2742 6
2743 5
2744 4
2745 4
2746 5
2747 2
2748 6
2749 5
2750 4
2751 6
2752 5
2753 5
2754 5
2755 6
2756 4
2757 6
2758 4
2759 5
2760 2
2761 8
2762 4
2763 7
2764 5
2765 5
2766 5
2767 4
2768 4
2769 6
2770 5
2771 3
2772 3
2773 5
2774 3
2775 5
2776 3
2777 7
2778 3
2779 3
2780 4
2781 8
2782 5
2783 3
2784 8
2785 6
2786 8
2787 3
2788 4
2789 4
2790 1
2791 3
2792 5
2793 6
2794 3
2795 3
2796 4
2797 5
2798 2
2799 7
2800 7
2801 7
2802 5
2803 7
2804 3
2805 6
2806 5
2807 2
2808 2
2809 5
2810 7
2811 6
2812 5
2813 6
2814 7
2815 5
2816 11
2817 9
2818 3
2819 5
2820 6
2821 5
2822 3
2823 2
2824 6
2825 4
2826 3
2827 8
2828 5
2829 3
2830 2
2831 5
2832 2
2833 5
2834 7
2835 4
2836 2
2837 5
2838 4
2839 8
2840 2
2841 7
2842 7
2843 3
2844 9
2845 4
2846 5
2847 3
2848 7
2849 6
2850 5
2851 4
2852 8
2853 5
2854 6
2855 5
2856 5
2858 4
2859 7
2860 7
2862 7
2863 5
2864 4
2865 5
2866 5
2867 10
2868 4
2869 4
2870 7
2871 4
2872 7
2873 4
2874 5
2875 7
2876 2
2877 3
2878 6
2879 6
2880 6
2881 8
2882 7
2883 4
2884 1
2885 5
2886 5
2887 4
2888 3
2889 12
2890 5
2892 6
2893 5
2894 3
2895 3
2896 4
2897 4
2898 6
2899 5
2900 5
2901 8
2902 5
2903 4
2904 4
2905 7
2906 3
2907 4
2908 5
2909 2
2910 3
2911 5
2912 4
2913 5
2914 6
2915 6
2916 7
2917 3
2918 9
2919 3
2920 5
2921 3
2922 4
2923 4
2924 3
2925 10
2926 5
2927 1
2928 6
2929 7
2930 9
2931 4
2932 1
2933 3
2934 2
2935 3
2936 7
2937 6
2938 3
2939 4
2940 9
2941 7
2942 3
2943 3
2944 7
2945 3
2946 3
2947 5
2948 3
2949 4
2950 5
2951 8
2952 2
2953 3
2954 2
2955 7
2956 2
2957 6
2958 5
2959 1
2960 2
2961 4
2962 2
2963 1
2964 2
2965 9
2966 4
2967 5
2968 4
2969 6
2970 3
2971 4
2972 11
2973 8
2974 7
2975 4
2976 5
2977 2
2978 6
2979 9
2980 6
2981 7
2982 9
2983 2
2984 4
2985 2
2986 3
2987 4
2988 5
2989 1
2990 3
2991 2
2992 4
2993 1
2994 2
2995 7
2996 2
2997 3
2998 5
2999 5
3000 1
3001 7
3002 2
3003 6
3004 5
3005 6
3006 1
3007 1
3008 3
3009 4
3010 5
3011 1
3012 6
3013 2
3014 3
3015 7
3016 5
3017 2
3018 2
3019 5
3020 4
3021 6
3022 5
3023 5
3024 7
3025 7
3026 6
3027 2
3028 8
3029 3
3030 5
3031 4
3032 6
3033 4
3034 5
3035 5
3036 6
3037 6
3038 5
3039 4
3040 4
3041 6
3042 4
3043 4
3044 5
3045 7
3046 8
3047 3
3048 3
3049 5
3050 4
3051 5
3052 4
3053 3
3054 2
3055 1
3056 5
3057 5
3058 7
3059 5
3060 6
3061 3
3062 5
3063 2
3064 3
3065 6
3066 4
3067 6
3068 6
3069 5
3070 3
3071 5
3072 8
3073 8
3074 6
3075 7
3077 4
3078 1
3079 3
3080 4
3081 9
3082 9
3083 5
3084 3
3085 5
3086 5
3087 4
3088 3
3089 2
3090 3
3091 2
3092 5
3093 4
3095 3
3096 2
3097 4
3098 8
3099 6
3100 5
3101 2
3102 4
3103 4
3104 5
3105 4
3106 4
3107 2
3108 7
3109 2
3110 3
3111 3
3112 5
3113 2
3114 9
3115 5
3116 12
3117 4
3118 1
3119 1
3120 2
3121 4
3122 6
3123 6
3124 1
3125 3
3126 2
3127 5
3128 5
3129 3
3130 5
3131 7
3132 8
3133 2
3134 7
3135 3
3136 7
3137 3
3138 3
3139 3
3140 7
3141 10
3142 3
3143 8
3144 2
3145 1
3146 3
3148 2
3149 4
3150 6
3151 5
3152 2
3153 3
3154 3
3155 5
3156 5
3157 5
3158 6
3159 4
3160 7
3161 9
3162 5
3163 1
3164 3
3165 3
3166 3
3167 6
3168 5
3169 8
3170 4
3171 5
3172 2
3173 2
3174 4
3175 5
3176 6
3177 4
3178 6
3179 3
3180 10
3181 6
3182 6
3183 6
3184 5
3185 4
3186 8
3187 9
3188 3
3189 7
3190 4
3191 5
3192 5
3193 6
3194 1
3195 3
3196 1
3197 3
3198 9
3199 2
3200 4
3201 5
3202 3
3203 5
3204 2
3205 8
3206 1
3207 1
3208 11
3209 6
3210 5
3211 8
3212 7
3213 1
3214 5
3215 3
3216 7
3217 3
3218 5
3219 2
3220 7
3221 3
3222 3
3223 8
3224 4
3225 4
3226 8
3227 3
3228 6
3229 3
3230 4
3231 4
3232 5
3233 3
3234 4
3235 4
3236 2
3237 4
3238 2
3239 8
3240 3
3241 7
3242 5
3243 4
3244 3
3245 1
3246 7
3247 2
3248 3
3249 4
3250 6
3251 1
3252 2
3253 1
3254 3
3255 6
3256 4
3257 6
3258 5
3259 5
3260 7
3261 3
3262 4
3264 6
3265 6
3266 5
3267 6
3268 3
3269 7
3270 4
3271 8
3272 5
3273 4
3274 2
3275 4
3276 6
3277 6
3278 3
3279 3
3280 3
3281 8
3282 4
3283 4
3284 3
3285 1
3286 5
3287 3
3288 3
3289 2
3290 4
3291 2
3292 3
3293 5
3294 3
3295 6
3296 4
3297 3
3298 8
3299 6
3300 6
3301 3
3302 5
3303 5
3304 2
3305 3
3306 5
3307 8
3308 6
3309 3
3310 5
3311 7
3312 7
3313 6
3314 2
3315 7
3316 3
3317 3
3318 6
3319 7
3320 5
3321 3
3322 5
3323 5
3324 6
3325 5
3326 5
3327 3
3328 1
3329 1
3330 3
3331 4
3332 4
3333 4
3334 4
3335 4
3336 7
3337 4
3338 2
3339 3
3340 4
3341 1
3342 3
3343 2
3344 6
3345 2
3346 2
3347 3
3348 4
3349 3
3350 1
3351 4
3352 6
3353 2
3354 2
3355 1
3356 2
3357 2
3358 6
3359 3
3360 4
3361 1
3362 1
3363 3
3364 5
3365 4
3366 6
3367 4
3368 4
3369 4
3370 5
3371 4
3372 6
3373 5
3374 3
3375 5
3376 2
3377 2
3378 4
3379 3
3380 2
3381 7
3382 4
3383 3
3384 3
3385 4
3386 5
3387 3
3388 4
3389 5
3390 2
3391 4
3392 6
3393 6
3394 4
3395 4
3396 2
3397 3
3398 3
3399 7
3400 2
3401 5
3402 2
3403 3
3404 3
3405 2
3406 6
3407 2
3408 3
3409 2
3410 3
3411 3
3412 4
3413 1
3414 3
3415 5
3416 3
3417 4
3418 3
3419 1
3421 4
3422 3
3423 4
3424 2
3425 4
3426 2
3427 4
3428 7
3429 4
3430 9
3431 3
3432 4
3433 3
3434 10
3435 1
3436 1
3437 3
3438 3
3439 3
3440 2
3441 3
3442 4
3443 2
3444 4
3445 3
3446 4
3447 2
3448 2
3450 4
3451 2
3453 5
3454 2
3455 2
3456 2
3457 3
3458 5
3459 3
3460 3
3461 1
3462 1
3463 5
3464 2
3465 2
3466 3
3467 4
3468 3
3470 4
3471 3
3472 6
3473 2
3474 2
3475 3
3476 1
3479 3
3480 1
3481 2
3482 3
3483 7
3484 4
3485 4
3486 4
3487 2
3488 3
3489 2
3490 7
3491 2
3492 1
3493 4
3494 3
3495 2
3496 1
3497 1
3498 2
3499 2
3500 5
3501 2
3502 4
3503 4
3504 5
3505 2
3506 4
3507 1
3508 6
3509 2
3510 4
3511 4
3512 3
3513 3
3514 1
3515 5
3516 1
3517 5
3518 6
3519 9
3520 3
3521 6
3522 1
3523 3
3524 4
3525 5
3526 1
3527 2
3528 4
3529 3
3530 2
3531 5
3532 2
3533 2
3534 1
3536 6
3537 4
3538 5
3539 1
3540 4
3541 2
3542 2
3543 2
3544 7
3545 4
3546 3
3547 2
3548 2
3549 4
3550 3
3551 1
3552 4
3553 2
3554 1
3555 2
3556 4
3557 2
3558 7
3559 2
3560 2
3561 7
3562 3
3563 3
3564 4
3565 7
3566 2
3567 3
3568 1
3569 1
3570 2
3571 2
3572 3
3573 4
3574 7
3575 3
3576 4
3577 1
3578 2
3579 5
3580 3
3581 1
3582 1
3583 4
3584 5
3585 5
3587 7
3588 2
3589 4
3591 1
3592 5
3593 6
3594 2
3595 2
3596 4
3597 1
3598 2
3599 2
3600 1
3601 3
3602 1
3603 10
3604 5
3605 8
3606 2
3607 1
3608 4
3609 2
3610 6
3611 1
3612 2
3613 4
3614 3
3615 2
3616 2
3617 4
3618 3
3619 4
3620 3
3621 5
3622 2
3623 2
3625 2
3626 3
3627 4
3628 7
3629 2
3630 5
3631 2
3632 3
3633 4
3634 2
3635 2
3638 4
3639 3
3640 3
3641 2
3642 3
3643 3
3644 4
3645 2
3647 3
3648 1
3649 1
3650 2
3651 1
3652 7
3653 3
3654 3
3655 4
3656 3
3657 2
3658 2
3659 1
3660 4
3661 5
3662 2
3663 7
3664 4
3665 5
3666 2
3667 2
3668 2
3669 4
3670 3
3671 4
3672 2
3673 3
3674 1
3675 4
3677 2
3678 4
3679 3
3680 1
3681 4
3682 2
3683 3
3684 4
3685 4
3686 5
3687 2
3688 5
3689 4
3690 5
3691 2
3692 3
3693 6
3694 2
3695 2
3696 4
3697 2
3698 3
3699 3
3700 2
3701 2
3702 1
3703 4
3704 4
3705 7
3706 6
3707 2
3708 2
3709 2
3710 3
3711 5
3712 4
3714 1
3715 5
3716 3
3717 5
3718 3
3719 4
3720 10
3721 1
3722 2
3723 3
3724 3
3725 2
3726 2
3727 3
3728 2
3729 5
3730 3
3731 1
3732 3
3733 2
3734 4
3735 3
3736 2
3737 4
3738 2
3739 5
3740 2
3741 3
3742 4
3743 2
3744 2
3746 3
3747 2
3748 4
3749 4
3750 2
3751 1
3752 6
3753 2
3754 2
3755 4
3756 3
3757 3
3759 2
3760 4
3761 4
3763 2
3764 1
3765 2
3766 2
3767 1
3768 6
3769 1
3770 1
3771 2
3772 5
3773 5
3774 5
3775 5
3776 2
3777 8
3778 3
3780 1
3781 3
3782 6
3783 6
3784 4
3785 5
3786 5
3787 3
3788 7
3789 2
3790 2
3791 2
3792 2
3793 1
3794 4
3795 1
3796 4
3797 7
3798 4
3799 3
3800 6
3801 3
3802 2
3803 5
3804 1
3805 2
3806 4
3807 2
3808 2
3809 4
3810 2
3811 2
3812 1
3813 3
3814 1
3815 3
3816 6
3817 1
3818 6
3819 4
3820 3
3822 7
3823 3
3824 2
3825 4
3826 4
3827 2
3828 4
3829 5
3830 3
3831 3
3832 4
3833 4
3834 5
3835 1
3836 2
3838 7
3839 2
3840 4
3841 4
3842 4
3843 2
3844 9
3845 2
3846 5
3847 3
3848 3
3849 2
3850 4
3851 2
3852 4
3853 1
3854 3
3855 3
3856 1
3858 6
3859 2
3860 3
3861 4
3862 1
3863 1
3864 1
3865 3
3866 5
3867 4
3868 2
3869 2
3870 3
3871 6
3872 3
3873 2
3874 4
3875 2
3876 5
3877 5
3878 5
3879 2
3880 3
3881 3
3882 3
3883 2
3884 3
3885 3
3886 6
3887 3
3888 3
3889 4
3890 1
3891 3
3892 5
3893 3
3894 3
3895 3
3896 1
3897 3
3898 2
3899 3
3900 4
3901 7
3902 3
3904 2
3905 4
3906 3
3907 7
3909 1
3910 5
3911 3
3912 5
3913 2
3914 2
3915 4
3916 3
3917 4
3918 4
3919 3
3920 1
3921 2
3922 1
3923 2
3924 4
3925 5
3926 2
3927 5
3929 2
3930 2
3931 2
3932 3
3933 4
3934 1
3935 2
3936 4
3937 2
3938 1
3939 4
3940 1
3941 4
3942 3
3943 8
3944 1
3945 5
3946 2
3947 2
3948 2
3949 3
3950 2
3951 2
3952 1
3953 7
3954 8
3955 3
3956 3
3957 3
3958 1
3959 5
3960 3
3961 3
3963 3
3965 1
3966 3
3967 2
3968 2
3969 4
3970 1
3971 5
3972 4
3973 2
3974 1
3975 3
3976 3
3977 5
3978 6
3979 1
3981 5
3982 4
3983 1
3984 5
3985 2
3986 1
3987 4
3988 1
3989 4
3990 1
3991 2
3992 4
3993 2
3994 6
3995 6
3996 2
3997 3
3998 3
3999 1
4000 3
4001 5
4002 3
4004 3
4005 2
4006 2
4007 6
4008 5
4009 2
4011 5
4012 3
4013 5
4014 1
4015 1
4016 2
4017 2
4020 1
4021 2
4022 4
4023 1
4024 4
4025 4
4026 3
4027 1
4028 1
4029 3
4030 1
4031 1
4032 2
4033 4
4034 2
4035 1
4036 3
4037 4
4038 4
4039 1
4040 1
4041 2
4043 4
4044 4
4045 3
4046 5
4047 1
4048 2
4049 3
4050 1
4051 5
4052 4
4053 3
4055 4
4056 3
4057 3
4058 2
4059 1
4060 4
4061 4
4062 1
4064 4
4065 1
4067 1
4068 4
4069 3
4070 3
4071 1
4072 3
4073 2
4074 6
4075 4
4076 4
4078 3
4079 4
4080 3
4081 2
4082 3
4083 4
4084 6
4085 4
4086 3
4087 3
4088 3
4089 1
4090 5
4091 3
4092 4
4093 2
4094 3
4095 2
4096 6
4097 2
4098 3
4099 3
4100 4
4101 3
4102 2
4103 6
4104 2
4105 4
4106 2
4107 1
4108 6
4109 3
4110 2
4111 1
4113 1
4114 2
4115 3
4116 2
4117 3
4118 4
4119 2
4120 2
4121 5
4122 1
4123 5
4124 1
4125 4
4127 5
4128 4
4129 3
4130 2
4131 3
4132 5
4133 2
4136 4
4137 1
4138 1
4139 1
4140 3
4141 1
4142 1
4143 3
4144 3
4145 1
4146 1
4147 3
4148 2
4149 1
4150 3
4151 1
4152 2
4153 1
4154 3
4155 6
4156 3
4157 8
4158 1
4159 2
4160 2
4161 1
4162 5
4164 5
4165 1
4166 4
4167 4
4168 1
4169 3
4171 1
4172 2
4173 2
4174 3
4176 4
4177 2
4178 2
4179 4
4180 4
4181 3
4183 3
4184 1
4185 3
4186 2
4187 1
4188 2
4189 6
4190 1
4191 1
4192 2
4193 4
4194 2
4195 1
4196 1
4197 2
4198 3
4199 1
4201 1
4202 2
4203 3
4204 4
4205 2
4206 5
4207 4
4208 1
4209 2
4210 1
4213 4
4214 4
4215 3
4216 5
4217 3
4218 1
4219 2
4220 1
4221 2
4222 3
4223 4
4224 5
4225 2
4226 4
4227 3
4228 2
4229 1
4230 3
4231 2
4232 3
4233 2
4235 4
4236 2
4237 2
4238 5
4239 1
4241 1
4242 1
4243 1
4244 1
4245 1
4246 1
4247 3
4248 1
4252 2
4253 1
4254 2
4255 1
4256 3
4257 2
4258 1
4259 1
4260 4
4261 3
4262 2
4263 2
4264 3
4265 6
4266 5
4267 3
4268 1
4269 3
4270 1
4271 4
4272 1
4273 4
4274 3
4275 1
4276 2
4277 4
4278 1
4279 1
4281 1
4282 3
4283 3
4284 2
4285 2
4286 1
4287 1
4288 6
4289 1
4291 2
4292 1
4293 2
4294 2
4295 1
4296 4
4297 1
4298 5
4299 1
4301 3
4302 1
4303 2
4304 2
4305 3
4306 6
4307 3
4308 1
4309 5
4312 1
4313 3
4314 1
4317 3
4318 1
4319 3
4320 5
4321 5
4322 3
4323 1
4324 7
4325 4
4326 1
4327 2
4328 3
4329 3
4330 1
4332 2
4333 1
4334 1
4335 2
4336 2
4337 5
4338 4
4339 1
4340 1
4341 2
4342 1
4344 5
4345 3
4346 3
4347 3
4348 1
4349 3
4350 5
4351 4
4352 1
4353 4
4354 7
4355 4
4356 1
4357 2
4358 3
4359 5
4360 2
4361 3
4362 3
4365 2
4366 2
4367 3
4368 3
4369 3
4370 3
4371 3
4372 2
4373 2
4374 2
4375 4
4376 2
4377 1
4378 3
4379 3
4380 3
4382 3
4383 1
4384 1
4386 5
4387 2
4388 4
4389 1
4391 4
4392 2
4393 3
4394 5
4395 4
4396 5
4397 2
4398 2
4399 1
4400 4
4403 5
4405 2
4406 3
4407 1
4408 3
4409 1
4410 3
4411 6
4412 1
4413 2
4414 1
4415 1
4416 2
4417 3
4418 1
4419 2
4420 2
4421 2
4422 1
4423 1
4424 4
4425 3
4426 2
4428 3
4429 1
4430 1
4431 3
4432 2
4433 2
4434 3
4435 1
4436 2
4437 2
4438 1
4439 4
4440 1
4441 2
4442 1
4443 2
4444 5
4445 3
4447 1
4448 1
4449 3
4450 6
4451 1
4452 1
4453 2
4454 4
4455 3
4456 1
4457 3
4458 3
4459 1
4460 2
4461 1
4462 3
4463 3
4465 3
4466 1
4467 1
4468 2
4469 1
4470 2
4471 2
4472 6
4473 2
4474 1
4476 1
4477 3
4479 3
4481 2
4483 3
4484 3
4485 1
4486 6
4487 2
4488 4
4489 6
4490 3
4491 4
4492 7
4493 3
4494 2
4495 3
4496 4
4497 4
4498 2
4499 2
4500 1
4501 4
4502 3
4503 2
4504 3
4505 2
4506 3
4507 3
4508 2
4509 2
4510 3
4511 1
4512 1
4513 1
4514 3
4515 3
4516 3
4517 3
4519 1
4520 5
4521 3
4522 3
4523 1
4524 4
4525 5
4527 1
4528 1
4529 2
4530 1
4531 2
4533 1
4534 1
4535 1
4536 3
4537 2
4539 5
4540 3
4542 1
4543 3
4544 1
4545 5
4547 2
4549 1
4550 4
4551 3
4552 2
4553 3
4556 2
4557 2
4558 3
4559 2
4560 3
4561 3
4562 1
4564 2
4565 4
4566 1
4567 2
4568 1
4569 3
4570 1
4571 2
4572 2
4573 2
4574 5
4575 1
4576 1
4577 2
4578 4
4579 1
4580 1
4581 3
4582 2
4583 1
4584 2
4586 1
4587 2
4588 2
4589 4
4590 2
4591 1
4592 3
4593 2
4594 3
4595 5
4596 4
4597 7
4598 2
4599 2
4601 1
4602 2
4603 1
4604 1
4606 2
4607 1
4608 3
4609 3
4610 3
4611 5
4612 2
4613 1
4614 4
4615 3
4616 4
4617 3
4618 5
4619 1
4620 1
4621 3
4622 6
4623 2
4624 4
4625 1
4626 3
4627 1
4628 2
4629 1
4631 1
4633 1
4634 4
4635 3
4636 3
4637 3
4638 4
4639 4
4640 3
4641 1
4644 3
4645 1
4646 2
4647 1
4648 1
4649 1
4650 2
4651 6
4653 1
4654 4
4655 2
4656 2
4657 1
4658 2
4659 3
4660 2
4661 1
4662 4
4663 3
4664 1
4665 1
4667 6
4668 2
4669 5
4670 2
4672 1
4673 3
4674 1
4675 2
4676 1
4677 1
4679 4
4680 1
4681 6
4682 4
4683 2
4684 3
4685 4
4686 3
4687 1
4688 1
4689 2
4690 5
4691 3
4692 1
4695 4
4697 1
4698 1
4699 2
4700 2
4701 3
4702 2
4704 3
4705 1
4706 2
4707 1
4708 3
4709 1
4710 1
4711 7
4712 3
4713 1
4714 3
4715 1
4716 2
4717 1
4718 3
4719 2
4720 8
4721 1
4722 1
4723 2
4725 3
4726 2
4727 1
4728 3
4729 1
4730 2
4731 3
4732 2
4733 2
4734 1
4735 1
4736 2
4737 3
4738 1
4739 1
4740 2
4741 2
4742 4
4743 1
4744 3
4745 2
4747 3
4748 1
4749 1
4750 4
4751 1
4752 1
4753 3
4754 2
4756 1
4757 1
4759 2
4760 1
4761 3
4762 1
4763 3
4764 1
4766 3
4767 4
4768 3
4769 1
4770 4
4771 1
4772 5
4773 2
4774 2
4775 1
4776 2
4777 2
4779 2
4780 1
4781 3
4782 1
4783 3
4786 1
4787 1
4788 1
4789 2
4790 4
4791 4
4792 1
4793 1
4794 3
4795 1
4796 2
4797 2
4798 2
4801 1
4803 2
4804 1
4805 2
4808 2
4809 2
4810 2
4811 3
4813 3
4814 2
4815 2
4818 2
4819 2
4820 1
4821 3
4822 2
4825 2
4826 3
4827 1
4828 3
4829 2
4830 1
4831 1
4832 2
4833 2
4834 2
4835 3
4836 1
4837 2
4838 4
4839 1
4840 1
4841 4
4842 2
4843 3
4844 2
4845 1
4847 3
4848 2
4852 2
4853 1
4854 3
4855 2
4856 1
4857 2
4858 3
4859 2
4860 3
4861 3
4862 3
4863 2
4864 2
4866 4
4867 2
4868 1
4869 3
4872 2
4874 3
4875 1
4876 3
4878 1
4879 3
4880 1
4881 1
4883 3
4884 2
4885 1
4886 1
4887 2
4888 1
4889 1
4890 1
4891 1
4892 2
4893 2
4894 3
4895 3
4896 3
4897 3
4898 2
4901 2
4902 1
4903 1
4904 2
4906 3
4907 1
4909 2
4910 1
4911 1
4912 1
4913 1
4914 1
4916 2
4918 3
4919 3
4923 1
4924 1
4926 3
4927 4
4929 2
4930 1
4931 2
4933 2
4934 1
4935 2
4936 1
4937 2
4938 1
4939 3
4940 1
4941 4
4942 2
4945 1
4946 2
4947 1
4948 2
4951 1
4952 2
4953 1
4954 1
4955 2
4957 2
4958 2
4960 2
4961 1
4963 4
4964 1
4965 1
4966 3
4968 1
4969 3
4970 1
4971 4
4972 1
4973 1
4974 3
4975 1
4977 4
4978 2
4979 1
4981 4
4982 2
4983 1
4984 3
4985 3
4986 1
4987 2
4988 2
4989 2
4990 2
4992 2
4993 1
4994 3
4995 2
4996 2
4998 2
4999 1
5000 3
5001 1
5002 1
5004 1
5005 4
5006 1
5007 2
5009 2
5010 1
5011 1
5012 1
5014 3
5015 1
5016 2
5019 4
5020 1
5021 2
5024 1
5025 3
5026 4
5028 2
5029 1
5031 2
5032 3
5033 3
5034 1
5035 2
5036 2
5037 3
5038 5
5039 2
5040 2
5041 3
5043 3
5044 2
5045 3
5046 1
5047 2
5048 3
5049 1
5050 2
5051 4
5052 2
5053 2
5054 1
5055 3
5056 2
5057 3
5058 1
5059 1
5060 5
5061 3
5062 1
5063 1
5064 1
5066 1
5067 2
5068 1
5070 1
5071 2
5073 1
5074 1
5075 1
5077 1
5078 3
5079 1
5080 1
5082 2
5083 3
5084 1
5085 2
5086 1
5087 4
5088 1
5089 1
5091 2
5093 5
5094 1
5095 1
5096 1
5097 3
5098 4
5099 2
5100 2
5101 1
5102 1
5103 3
5106 2
5107 3
5108 1
5109 2
5110 2
5111 2
5112 4
5113 3
5116 1
5117 2
5118 1
5119 3
5120 3
5121 3
5124 3
5126 1
5127 2
5128 2
5129 1
5130 3
5131 1
5132 1
5136 2
5137 2
5139 2
5140 1
5142 2
5143 3
5144 2
5145 2
5146 2
5147 4
5148 3
5149 1
5150 2
5151 1
5152 1
5153 3
5154 3
5155 1
5156 2
5157 4
5159 1
5161 2
5162 1
5164 2
5165 2
5166 1
5167 2
5168 1
5169 2
5170 3
5171 1
5172 2
5175 1
5177 2
5178 1
5179 1
5181 1
5182 4
5183 1
5184 1
5185 1
5186 2
5187 2
5189 1
5190 1
5194 3
5195 2
5196 4
5198 1
5199 1
5200 3
5201 2
5202 3
5204 3
5205 2
5206 2
5207 1
5208 1
5210 2
5211 2
5212 2
5213 1
5214 1
5216 1
5218 2
5219 4
5222 1
5223 1
5224 1
5225 1
5226 2
5227 3
5228 2
5229 1
5230 1
5231 1
5232 4
5233 1
5234 2
5235 1
5236 1
5239 1
5240 1
5241 1
5242 4
5243 3
5244 2
5245 3
5246 1
5247 2
5248 1
5249 2
5250 4
5251 2
5252 3
5253 2
5255 1
5256 1
5257 1
5259 2
5260 1
5261 2
5262 4
5264 1
5265 3
5266 2
5267 3
5268 1
5270 2
5271 2
5272 3
5273 1
5274 3
5276 1
5277 1
5278 3
5280 3
5281 2
5283 2
5284 3
5286 3
5287 1
5288 1
5289 2
5290 2
5291 2
5292 6
5293 3
5294 2
5295 3
5296 2
5297 1
5298 2
5299 1
5300 2
5301 3
5303 2
5304 1
5305 3
5306 2
5307 3
5308 2
5309 1
5311 1
5312 2
5313 3
5314 1
5315 2
5316 1
5317 2
5318 1
5320 1
5321 1
5322 3
5324 2
5325 4
5326 2
5327 3
5328 2
5329 1
5330 2
5331 2
5332 2
5333 3
5335 2
5338 1
5339 1
5340 3
5341 3
5342 3
5343 1
5344 1
5346 5
5347 1
5348 1
5349 2
5350 3
5351 2
5352 1
5353 1
5354 1
5356 1
5357 4
5358 1
5359 2
5360 1
5361 3
5362 3
5364 5
5365 1
5366 1
5367 1
5368 1
5370 2
5371 4
5372 1
5373 1
5374 1
5375 2
5376 2
5377 1
5379 1
5380 1
5381 1
5385 3
5386 1
5387 1
5388 1
5389 1
5390 1
5391 2
5392 2
5394 1
5395 1
5396 1
5397 1
5398 3
5400 1
5401 1
5402 2
5403 2
5404 3
5405 1
5406 2
5407 1
5409 2
5410 2
5411 1
5412 5
5413 4
5414 2
5415 2
5416 3
5417 2
5418 2
5419 2
5420 2
5421 5
5423 1
5424 1
5425 1
5426 1
5428 2
5430 1
5431 2
5432 1
5433 1
5434 2
5438 2
5439 1
5440 1
5442 1
5445 1
5448 2
5449 2
5450 1
5451 1
5453 2
5456 2
5457 1
5458 2
5459 2
5460 1
5461 3
5462 1
5464 1
5465 1
5466 1
5467 1
5469 2
5470 1
5472 4
5473 1
5474 2
5475 1
5477 2
5478 1
5479 2
5481 1
5484 1
5485 3
5487 3
5489 1
5490 1
5491 3
5492 1
5493 3
5494 2
5495 1
5496 3
5497 4
5498 2
5500 2
5503 3
5505 1
5506 1
5507 2
5509 1
5511 2
5512 1
5513 2
5514 2
5516 1
5517 1
5518 2
5520 1
5521 2
5522 2
5523 2
5524 1
5525 2
5526 4
5527 1
5528 2
5529 1
5531 3
5532 1
5533 3
5535 2
5537 2
5538 2
5539 3
5540 1
5541 2
5542 1
5543 1
5544 2
5546 2
5547 4
5548 2
5550 1
5551 1
5552 1
5553 3
5554 4
5555 3
5556 2
5557 2
5558 3
5559 7
5561 1
5562 2
5563 2
5565 1
5566 2
5567 1
5568 3
5569 3
5570 2
5571 4
5572 2
5573 4
5574 4
5575 3
5576 1
5577 1
5581 2
5582 1
5583 1
5584 1
5585 1
5586 1
5587 3
5588 2
5589 2
5590 2
5591 2
5592 3
5594 1
5595 1
5596 2
5597 2
5598 1
5599 1
5601 1
5602 3
5603 3
5605 2
5606 3
5607 2
5608 2
5609 3
5610 2
5611 3
5612 1
5613 2
5614 2
5615 3
5616 1
5617 3
5618 1
5620 3
5623 1
5624 1
5625 2
5626 4
5627 2
5628 1
5630 2
5631 2
5632 2
5633 1
5634 1
5635 1
5636 2
5637 1
5638 1
5642 1
5643 2
5644 2
5645 1
5646 1
5647 3
5648 4
5651 4
5652 1
5654 2
5655 1
5658 1
5660 2
5661 1
5662 1
5664 2
5665 1
5666 7
5667 2
5669 3
5670 4
5673 1
5674 2
5675 2
5676 3
5677 2
5678 1
5680 2
5681 3
5683 2
5684 1
5685 4
5686 1
5687 2
5689 1
5690 1
5691 2
5692 2
5694 2
5695 1
5696 1
5697 2
5699 1
5700 1
5702 1
5703 2
5704 1
5705 3
5706 2
5707 3
5710 1
5711 4
5712 2
5713 2
5714 2
5715 1
5716 2
5717 2
5718 2
5719 1
5720 2
5722 2
5723 4
5724 1
5725 3
5727 1
5728 1
5729 1
5731 1
5734 5
5735 3
5736 1
5737 2
5738 2
5740 2
5741 3
5742 2
5743 2
5745 1
5746 1
5747 3
5748 3
5749 1
5750 1
5752 2
5753 1
5754 2
5756 3
5757 2
5758 1
5760 5
5762 1
5764 3
5766 1
5769 1
5770 1
5771 1
5774 3
5775 2
5777 1
5778 1
5779 1
5780 1
5781 2
5782 1
5783 1
5784 1
5785 2
5786 1
5787 2
5789 1
5790 2
5791 3
5792 1
5793 5
5794 2
5795 1
5796 2
5797 1
5800 2
5801 2
5803 1
5804 2
5806 1
5807 2
5809 1
5812 1
5814 4
5815 2
5816 3
5818 2
5819 1
5821 1
5822 2
5823 1
5824 2
5825 1
5826 2
5827 4
5828 2
5829 1
5831 1
5832 1
5833 2
5834 3
5836 2
5839 2
5840 1
5841 1
5842 1
5843 1
5844 1
5845 2
5846 2
5847 2
5848 1
5849 1
5850 2
5851 3
5852 2
5853 1
5854 1
5855 1
5856 3
5857 3
5858 1
5859 2
5860 2
5861 3
5862 2
5867 1
5869 1
5870 1
5871 2
5872 1
5873 2
5874 2
5875 1
5877 2
5878 1
5879 1
5880 1
5881 2
5882 1
5883 1
5884 1
5885 1
5886 1
5887 1
5888 2
5890 2
5891 1
5893 2
5895 1
5896 2
5897 1
5899 1
5900 2
5902 2
5903 2
5905 2
5906 1
5908 2
5910 1
5911 2
5912 1
5915 3
5916 4
5917 1
5918 2
5919 2
5920 2
5922 2
5924 1
5925 2
5926 1
5927 4
5928 2
5929 3
5930 2
5932 1
5933 5
5936 1
5937 2
5938 1
5940 3
5942 1
5944 3
5945 3
5946 3
5947 2
5950 1
5951 1
5952 1
5953 1
5955 2
5956 3
5957 2
5959 1
5960 3
5961 1
5964 2
5965 2
5966 1
5967 1
5968 2
5969 1
5970 4
5971 1
5972 2
5973 1
5974 1
5976 2
5977 3
5978 3
5979 2
5980 3
5981 1
5983 2
5984 1
5985 1
5986 2
5988 1
5989 4
5990 3
5991 2
5992 3
5995 1
5996 3
5998 1
5999 1
6000 1
6001 1
6002 1
6003 6
6004 1
6005 2
6007 2
6010 1
6011 1
6012 3
6013 1
6014 2
6015 1
6016 1
6017 1
6020 1
6021 3
6023 1
6024 1
6025 1
6026 3
6028 2
6029 2
6030 2
6031 2
6032 3
6033 3
6035 1
6036 1
6037 2
6038 2
6039 2
6040 1
6041 1
6042 1
6043 1
6044 2
6045 2
6046 2
6047 3
6048 1
6049 2
6050 3
6051 3
6053 1
6055 4
6056 2
6057 2
6059 1
6061 1
6062 2
6063 2
6064 2
6065 2
6066 3
6067 1
6069 1
6070 1
6071 3
6072 1
6077 3
6079 4
6080 1
6081 2
6082 1
6083 1
6084 1
6085 1
6091 1
6092 1
6094 2
6096 3
6097 1
6098 2
6099 1
6100 2
6101 2
6103 4
6104 2
6105 1
6106 1
6107 3
6109 2
6110 1
6111 1
6112 1
6113 1
6114 2
6118 1
6119 1
6120 1
6121 1
6122 4
6123 1
6125 1
6126 2
6127 1
6128 1
6130 1
6133 2
6134 1
6136 1
6138 1
6139 3
6140 2
6141 2
6142 1
6143 4
6145 3
6146 2
6147 1
6149 1
6152 2
6153 1
6154 3
6156 3
6157 1
6158 1
6160 1
6161 1
6162 2
6163 3
6165 2
6167 1
6168 4
6169 2
6170 1
6171 2
6174 3
6175 1
6178 3
6179 2
6181 2
6184 1
6186 2
6187 2
6190 1
6193 2
6194 1
6195 2
6196 2
6197 2
6199 1
6200 1
6201 4
6203 2
6204 1
6206 1
6208 3
6209 1
6210 2
6211 4
6212 1
6213 1
6214 3
6216 2
6217 2
6218 1
6219 1
6220 1
6221 1
6222 1
6223 2
6224 4
6228 1
6229 3
6230 1
6232 2
6235 1
6236 2
6238 3
6239 3
6240 1
6241 1
6243 1
6245 2
6246 1
6247 1
6249 3
6251 3
6252 1
6253 2
6254 1
6255 1
6256 4
6259 1
6260 1
6261 2
6262 1
6264 1
6265 2
6266 1
6268 2
6269 1
6271 2
6274 1
6275 1
6276 1
6278 1
6279 2
6280 3
6281 1
6282 2
6283 1
6284 1
6287 2
6288 1
6290 1
6291 1
6292 1
6294 2
6295 1
6296 2
6297 2
6298 1
6301 1
6304 3
6307 1
6308 1
6309 2
6310 1
6311 1
6312 2
6313 1
6315 1
6320 1
6321 3
6322 3
6323 2
6324 1
6325 2
6327 2
6328 1
6329 1
6330 3
6331 1
6333 1
6334 1
6335 1
6339 1
6341 1
6342 1
6343 1
6344 3
6345 1
6347 3
6348 2
6349 2
6350 1
6351 1
6354 2
6355 2
6357 1
6358 1
6359 1
6361 2
6363 1
6364 1
6365 3
6366 3
6367 3
6368 2
6369 1
6370 1
6371 2
6372 2
6375 4
6377 2
6380 3
6381 1
6382 2
6383 1
6385 1
6387 2
6388 2
6390 1
6394 2
6395 1
6396 3
6397 1
6400 1
6401 3
6402 1
6404 1
6406 2
6408 3
6410 2
6412 3
6414 2
6415 4
6416 1
6417 2
6418 1
6419 2
6421 2
6423 1
6424 3
6426 2
6427 1
6429 3
6430 4
6431 4
6432 2
6434 4
6435 2
6436 2
6439 3
6441 1
6442 2
6443 3
6444 1
6445 2
6446 3
6447 3
6448 1
6449 2
6453 1
6454 1
6458 1
6460 2
6463 1
6464 1
6465 1
6466 2
6470 3
6471 1
6472 4
6474 2
6476 2
6477 1
6478 2
6480 1
6483 1
6487 4
6489 1
6491 1
6492 1
6494 1
6495 3
6496 1
6498 2
6499 1
6501 4
6502 2
6504 2
6505 2
6506 1
6507 2
6509 3
6510 1
6511 2
6514 2
6515 1
6517 3
6518 3
6519 2
6520 1
6521 1
6523 1
6524 1
6526 3
6528 1
6529 1
6530 2
6531 1
6532 3
6533 1
6535 1
6536 2
6537 4
6538 1
6540 1
6541 1
6543 2
6544 3
6545 1
6550 1
6551 1
6552 1
6553 1
6555 1
6556 2
6558 1
6559 1
6561 1
6563 1
6566 1
6569 1
6570 2
6571 2
6573 1
6575 1
6579 1
6580 1
6581 1
6583 2
6584 2
6585 2
6587 1
6589 4
6590 1
6593 1
6594 1
6596 3
6599 1
6601 1
6603 1
6604 1
6605 1
6606 2
6607 1
6610 3
6611 2
6612 1
6613 3
6616 1
6617 3
6618 1
6619 2
6620 1
6621 2
6623 1
6624 1
6627 2
6632 2
6634 1
6636 2
6637 2
6639 2
6640 1
6641 2
6644 2
6646 1
6648 3
6650 1
6654 3
6655 2
6656 1
6657 2
6661 2
6662 1
6663 2
6665 1
6666 1
6669 1
6670 4
6673 1
6674 1
6676 1
6677 2
6678 2
6680 1
6681 1
6682 3
6683 1
6686 2
6690 2
6693 1
6694 4
6695 2
6696 1
6697 2
6699 2
6700 3
6701 4
6704 2
6705 2
6706 2
6707 1
6714 1
6715 2
6716 1
6717 1
6719 2
6721 1
6724 3
6725 1
6726 1
6727 2
6728 1
6729 5
6732 1
6733 1
6734 2
6735 1
6738 3
6741 1
6742 1
6745 1
6747 1
6749 1
6750 1
6751 1
6752 1
6753 2
6754 1
6755 1
6756 2
6758 1
6759 1
6760 1
6761 1
6763 1
6765 1
6766 1
6768 1
6769 2
6770 2
6771 1
6772 1
6774 2
6775 1
6776 1
6777 2
6778 2
6781 3
6782 3
6783 2
6784 1
6785 1
6786 2
6789 4
6792 2
6793 1
6795 2
6796 3
6797 1
6799 1
6800 1
6804 1
6805 1
6806 1
6807 2
6809 1
6813 1
6814 4
6815 3
6816 2
6819 2
6823 2
6824 1
6825 1
6826 2
6827 1
6828 1
6830 1
6831 1
6832 1
6833 1
6834 3
6839 1
6840 1
6842 2
6843 1
6844 2
6845 1
6846 3
6848 2
6851 1
6853 1
6857 1
6858 3
6860 1
6861 3
6862 1
6863 1
6864 2
6866 2
6867 2
6868 2
6869 1
6870 1
6872 2
6873 1
6874 1
6875 1
6877 1
6880 1
6881 1
6883 2
6887 1
6888 1
6889 2
6890 1
6891 2
6893 1
6894 3
6897 1
6899 1
6904 1
6905 1
6906 2
6907 3
6909 1
6911 1
6912 1
6913 1
6915 2
6916 1
6917 2
6918 1
6919 2
6920 1
6921 2
6923 2
6924 1
6925 1
6929 1
6930 3
6931 3
6933 1
6936 1
6937 2
6939 1
6940 1
6942 3
6944 1
6946 1
6947 1
6948 1
6950 1
6952 1
6953 2
6955 1
6956 2
6957 1
6959 3
6960 3
6962 1
6964 1
6965 1
6968 1
6969 1
6972 1
6973 1
6975 2
6976 3
6984 2
6985 2
6986 1
6987 1
6988 1
6994 1
6996 1
6997 3
6998 1
6999 1
7001 2
7003 3
7004 1
7006 1
7007 1
7008 1
7009 2
7010 1
7011 2
7013 2
7014 2
7015 2
7016 2
7017 1
7019 2
7020 1
7021 2
7024 1
7025 1
7026 2
7027 1
7028 4
7030 1
7031 1
7032 1
7033 4
7035 1
7037 1
7039 1
7040 1
7041 1
7044 3
7045 1
7046 2
7047 2
7048 3
7050 1
7051 1
7053 1
7057 2
7058 1
7059 1
7060 1
7062 1
7063 2
7064 1
7065 1
7066 1
7067 5
7068 1
7071 1
7072 3
7074 3
7076 2
7080 2
7081 2
7084 1
7085 2
7087 1
7088 2
7090 2
7091 2
7092 1
7094 1
7095 2
7096 1
7097 1
7098 1
7100 2
7101 1
7102 1
7104 3
7105 1
7106 2
7108 1
7109 2
7112 1
7113 1
7115 2
7116 2
7117 1
7119 2
7120 1
7122 3
7124 2
7125 1
7126 1
7127 3
7128 3
7130 3
7131 1
7132 1
7133 1
7134 2
7135 1
7140 2
7141 2
7142 1
7145 2
7146 1
7148 1
7151 2
7152 1
7153 2
7154 1
7155 1
7158 1
7159 1
7160 3
7161 1
7163 1
7164 1
7165 1
7166 1
7168 2
7169 1
7172 2
7174 2
7175 1
7176 1
7177 3
7178 1
7179 1
7180 2
7184 1
7185 2
7186 2
7187 1
7188 1
7190 1
7192 1
7194 3
7196 3
7197 1
7198 1
7200 1
7202 1
7203 3
7204 1
7205 2
7206 1
7207 1
7209 1
7210 2
7211 1
7214 2
7216 1
7218 3
7219 2
7220 1
7222 1
7223 1
7224 3
7225 2
7226 1
7227 2
7229 1
7230 1
7231 2
7232 1
7234 1
7236 1
7238 2
7239 2
7240 1
7243 2
7245 2
7246 2
7247 3
7248 1
7249 1
7252 2
7253 2
7254 2
7255 1
7256 2
7257 2
7259 2
7260 2
7263 2
7266 1
7267 1
7271 1
7272 1
7273 2
7275 3
7277 1
7279 1
7280 1
7286 1
7287 2
7289 1
7292 2
7294 1
7296 4
7297 1
7298 1
7299 2
7304 2
7306 2
7307 1
7308 1
7311 1
7312 1
7315 1
7319 1
7321 1
7325 4
7326 1
7330 4
7332 1
7334 2
7336 3
7337 1
7338 1
7339 1
7340 1
7343 1
7345 2
7347 1
7348 1
7353 2
7354 1
7355 1
7358 1
7363 2
7365 1
7366 2
7368 1
7369 2
7370 1
7371 1
7372 2
7373 1
7375 1
7377 2
7378 1
7379 1
7381 1
7382 2
7385 2
7386 2
7389 1
7391 1
7392 1
7394 1
7397 1
7401 1
7402 1
7403 3
7407 2
7408 1
7409 2
7410 1
7412 2
7414 2
7416 2
7417 1
7420 1
7421 1
7422 1
7423 1
7425 1
7428 2
7429 1
7433 1
7435 1
7436 2
7438 1
7440 3
7442 1
7443 1
7444 2
7445 1
7446 1
7448 2
7450 2
7452 1
7453 2
7454 2
7456 2
7457 2
7459 1
7461 1
7463 1
7464 1
7465 3
7466 3
7467 1
7469 4
7470 2
7471 2
7472 1
7473 2
7474 4
7475 1
7476 1
7477 1
7478 1
7479 1
7480 1
7482 1
7486 1
7487 1
7488 1
7489 2
7490 1
7491 1
7492 3
7493 2
7497 2
7498 2
7500 2
7501 1
7503 2
7504 3
7505 3
7508 1
7509 2
7510 2
7512 1
7514 2
7515 2
7516 1
7517 1
7518 1
7519 1
7520 2
7521 2
7523 2
7524 2
7525 3
7526 1
7527 1
7528 3
7529 1
7532 2
7538 3
7539 2
7545 2
7547 1
7549 1
7550 3
7551 1
7553 1
7556 1
7558 1
7561 1
7563 3
7566 1
7569 1
7570 1
7571 2
7573 1
7575 1
7576 1
7577 2
7578 3
7581 2
7584 1
7585 1
7586 1
7587 1
7588 2
7589 1
7592 1
7593 1
7595 1
7596 1
7600 1
7601 3
7603 1
7605 2
7608 1
7610 2
7611 2
7612 1
7615 2
7616 3
7619 1
7620 1
7621 2
7623 1
7625 2
7626 2
7627 1
7628 3
7629 1
7632 1
7633 1
7634 1
7637 1
7643 1
7646 2
7648 1
7651 1
7652 4
7654 1
7656 1
7661 1
7662 2
7663 1
7664 2
7665 2
7668 4
7669 1
7670 3
7671 3
7675 2
7678 1
7681 2
7687 1
7688 1
7689 1
7691 1
7694 1
7698 1
7699 1
7701 2
7703 3
7704 1
7705 1
7707 2
7708 1
7709 1
7711 2
7712 4
7713 1
7714 1
7716 3
7717 1
7720 1
7724 1
7725 1
7728 2
7730 1
7732 1
7736 1
7738 1
7739 1
7740 1
7741 1
7742 3
7743 1
7744 2
7745 2
7746 2
7747 1
7749 2
7751 1
7752 1
7757 1
7760 1
7762 2
7764 2
7765 1
7768 5
7772 1
7773 2
7774 2
7777 2
7778 2
7780 1
7782 2
7784 1
7785 1
7788 2
7789 2
7790 1
7791 1
7793 1
7795 2
7798 1
7799 2
7802 2
7803 1
7805 2
7806 3
7812 3
7813 2
7814 1
7815 1
7816 1
7817 3
7818 1
7819 1
7823 1
7824 1
7826 1
7828 2
7830 1
7832 1
7833 1
7835 1
7836 1
7838 2
7839 1
7840 1
7841 1
7842 1
7843 1
7844 1
7845 1
7846 1
7848 1
7849 2
7850 1
7852 1
7853 2
7856 1
7858 4
7859 2
7861 1
7862 1
7863 1
7868 2
7869 2
7870 1
7871 1
7876 1
7878 1
7879 2
7880 1
7882 1
7883 3
7885 2
7887 5
7888 1
7891 2
7893 1
7898 1
7899 2
7901 2
7906 1
7910 1
7911 1
7912 1
7913 3
7914 3
7917 1
7920 1
7923 1
7924 1
7928 3
7931 1
7933 2
7934 1
7935 1
7936 1
7939 1
7942 2
7943 1
7945 1
7946 1
7947 2
7957 2
7961 2
7965 1
7966 1
7970 1
7972 1
7973 1
7974 1
7976 2
7979 1
7980 1
7982 2
7984 1
7985 1
7986 3
7989 1
7993 2
7994 1
7995 2
7997 2
8005 1
8007 2
8011 1
8012 3
8014 1
8015 1
8016 1
8019 1
8020 1
8022 1
8024 1
8025 2
8027 1
8030 1
8031 2
8033 3
8034 1
8038 1
8040 1
8041 1
8043 1
8047 1
8050 1
8053 1
8054 1
8056 1
8057 1
8059 3
8060 1
8062 2
8064 1
8067 2
8069 1
8070 1
8074 1
8076 1
8081 1
8083 1
8085 1
8087 1
8088 1
8089 2
8091 1
8093 2
8094 1
8095 2
8098 1
8100 3
8104 1
8108 1
8109 2
8110 1
8111 1
8114 1
8115 1
8116 1
8118 2
8120 2
8123 1
8125 2
8127 2
8134 2
8136 2
8140 1
8141 3
8144 1
8145 1
8147 1
8149 1
8151 1
8156 2
8157 1
8162 1
8163 1
8165 2
8166 2
8170 1
8171 1
8172 1
8174 1
8176 1
8177 1
8179 1
8180 1
8183 2
8187 1
8190 1
8191 1
8194 1
8196 1
8198 1
8201 3
8203 1
8210 3
8211 2
8212 2
8214 2
8216 1
8219 1
8220 1
8224 1
8226 2
8228 1
8229 1
8232 4
8233 1
8236 1
8237 1
8244 1
8245 1
8247 1
8249 1
8253 3
8258 2
8260 1
8262 1
8265 1
8267 1
8269 1
8271 1
8272 1
8274 1
8275 1
8276 1
8277 1
8278 1
8279 1
8280 2
8281 2
8283 1
8286 2
8289 1
8291 1
8293 1
8301 1
8303 1
8305 1
8306 1
8310 2
8312 1
8315 1
8316 5
8317 1
8318 1
8322 1
8328 1
8331 1
8332 1
8333 1
8335 1
8338 1
8339 2
8351 1
8355 2
8357 1
8358 2
8359 1
8360 1
8364 1
8368 2
8369 1
8372 1
8376 1
8378 3
8379 1
8381 2
8386 1
8387 1
8388 1
8390 1
8396 2
8398 1
8401 3
8406 2
8409 1
8410 1
8411 3
8415 1
8419 2
8421 2
8422 1
8423 1
8424 1
8427 1
8428 2
8429 1
8432 1
8435 1
8442 3
8444 1
8449 2
8451 1
8452 1
8458 1
8462 1
8463 1
8464 1
8465 1
8466 1
8467 1
8468 2
8470 1
8471 1
8475 1
8477 1
8479 2
8480 2
8482 1
8483 2
8484 1
8491 1
8492 2
8493 1
8494 1
8495 1
8497 1
8498 1
8499 1
8500 1
8501 1
8504 1
8505 2
8507 1
8508 1
8509 1
8510 2
8513 2
8515 1
8519 1
8520 1
8523 1
8524 2
8525 1
8528 2
8530 2
8531 1
8535 1
8539 2
8542 1
8547 1
8553 3
8554 1
8557 1
8564 2
8565 1
8566 2
8567 1
8568 2
8569 2
8571 1
8574 1
8578 2
8580 1
8582 1
8585 2
8590 1
8591 1
8592 2
8594 1
8595 1
8596 1
8597 2
8598 1
8600 1
8601 1
8603 1
8606 1
8612 1
8613 1
8615 1
8618 1
8619 1
8620 1
8623 1
8625 2
8631 1
8635 1
8636 1
8637 1
8641 1
8642 1
8643 1
8644 1
8646 1
8648 1
8649 1
8658 1
8660 1
8661 2
8662 3
8663 1
8664 1
8668 1
8669 1
8671 2
8676 1
8679 1
8680 1
8685 1
8690 1
8691 2
8692 2
8694 2
8700 1
8705 1
8706 2
8707 1
8708 1
8709 1
8710 1
8711 1
8713 1
8714 2
8716 1
8718 1
8719 1
8723 1
8727 2
8728 1
8729 2
8730 1
8733 1
8736 1
8737 1
8738 1
8744 1
8745 1
8749 1
8750 1
8753 1
8755 1
8758 1
8759 1
8760 1
8762 2
8763 2
8766 1
8768 1
8770 1
8771 1
8772 2
8773 1
8775 1
8779 1
8780 2
8781 1
8784 2
8785 1
8786 1
8787 1
8788 1
8795 1
8796 1
8798 1
8801 1
8805 2
8807 1
8808 1
8809 2
8812 1
8813 1
8814 1
8818 2
8821 1
8822 1
8823 2
8829 1
8830 1
8832 2
8834 1
8835 2
8837 2
8838 3
8840 1
8841 2
8845 1
8847 2
8848 2
8850 3
8851 1
8856 1
8857 1
8858 1
8861 1
8866 1
8868 2
8869 1
8873 1
8877 1
8878 2
8883 1
8884 3
8885 1
8887 1
8891 1
8893 1
8894 1
8895 1
8899 1
8900 1
8903 1
8904 1
8905 2
8906 2
8909 1
8910 1
8911 1
8913 1
8914 2
8915 1
8921 1
8923 1
8925 1
8928 1
8930 2
8933 1
8936 1
8937 1
8941 1
8942 1
8945 1
8946 1
8947 1
8948 1
8949 1
8951 1
8952 2
8956 1
8957 2
8959 1
8960 1
8961 1
8962 1
8964 1
8967 1
8968 2
8970 1
8973 3
8974 1
8975 1
8976 1
8978 1
8983 1
8985 1
8993 1
8996 2
8999 1
9000 2
9006 1
9007 1
9010 2
9014 1
9015 1
9016 1
9019 2
9020 1
9021 2
9024 1
9027 2
9029 1
9032 1
9033 1
9037 1
9047 2
9050 1
9054 1
9058 1
9059 1
9061 1
9064 1
9065 1
9066 1
9071 1
9076 2
9077 1
9081 2
9084 2
9089 1
9091 1
9092 1
9093 2
9094 1
9096 1
9099 2
9101 1
9102 2
9110 1
9113 1
9114 1
9116 3
9117 1
9121 2
9122 1
9125 1
9129 1
9130 2
9132 1
9138 1
9140 1
9142 1
9145 1
9146 1
9149 1
9150 1
9151 1
9153 1
9154 1
9155 1
9160 2
9163 1
9165 1
9166 1
9168 1
9170 1
9172 1
9175 1
9180 1
9181 1
9182 1
9183 2
9184 1
9186 1
9189 1
9190 2
9191 2
9197 1
9201 1
9204 1
9207 1
9210 1
9211 1
9213 1
9219 1
9220 1
9222 1
9226 1
9228 1
9232 1
9237 1
9251 1
9268 1
9274 1
9279 1
9281 1
9284 1
9287 1
9289 1
9290 1
9294 1
9296 1
9297 1
9299 1
9307 1
9311 1
9312 1
9313 1
9316 1
9319 1
9324 1
9326 1
9328 1
9332 1
9333 2
9340 1
9343 1
9345 1
9349 1
9354 1
9360 1
9364 1
9371 1
9377 2
9379 1
9381 1
9384 2
9385 1
9389 1
9391 1
9399 1
9402 1
9404 1
9405 2
9407 1
9409 2
9412 1
9416 2
9422 2
9423 1
9425 1
9429 1
9433 1
9434 1
9435 1
9438 2
9440 2
9441 3
9442 1
9444 1
9454 1
9456 2
9460 1
9461 2
9464 1
9472 2
9474 2
9479 1
9482 1
9483 1
9486 1
9490 1
9493 1
9496 2
9506 1
9507 1
9508 1
9514 1
9520 1
9524 2
9526 1
9528 1
9529 1
9536 2
9542 1
9543 1
9545 1
9546 1
9549 1
9555 1
9558 1
9564 2
9566 1
9570 2
9571 1
9575 1
9577 1
9579 1
9581 1
9582 1
9583 1
9585 1
9594 1
9600 1
9602 1
9605 1
9606 1
9610 1
9612 1
9614 2
9616 2
9622 1
9627 1
9628 1
9630 2
9633 2
9638 1
9639 1
9645 1
9646 1
9647 1
9651 1
9652 1
9656 1
9665 1
9667 1
9673 1
9675 2
9676 1
9677 1
9678 1
9679 1
9682 4
9684 1
9685 1
9691 2
9693 1
9697 1
9698 1
9700 1
9719 1
9723 1
9737 1
9739 1
9740 1
9743 1
9744 1
9745 1
9746 1
9750 2
9756 2
9760 1
9763 2
9764 1
9765 1
9767 1
9771 1
9780 1
9791 1
9793 1
9795 1
9800 1
9808 1
9809 1
9818 1
9820 1
9823 1
9825 1
9827 1
9830 1
9834 1
9835 1
9838 1
9842 1
9844 1
9845 1
9846 2
9850 1
9857 3
9858 1
9860 1
9862 1
9863 1
9864 1
9870 1
9871 1
9877 2
9878 1
9882 1
9887 1
9892 1
9893 1
9898 1
9900 1
9902 3
9905 1
9906 2
9915 2
9921 1
9925 1
9927 1
9928 1
9929 1
9933 1
9935 1
9940 1
9951 1
9952 1
9957 1
9961 2
9962 1
9966 1
9967 1
9973 3
9975 2
9976 1
9977 1
9980 1
9981 2
9982 1
9983 1
9984 1
9985 1
9989 1
9990 1
9991 1
9993 2
9994 1
9997 1
9999 1
10000 1
10001 2222
