1 36014403
2 691269
3 88699
4 42109
5 42865
6 53903
7 69389
8 90626
9 109921
10 126881
11 141847
12 150130
13 154866
14 153442
15 147575
16 139481
17 129043
18 119392
19 109300
20 98033
21 89348
22 81279
23 75790
24 70502
25 64596
26 60246
27 56665
28 52973
29 48884
30 46184
31 42459
32 38689
33 35382
34 31902
35 28761
36 25331
37 22969
38 20377
39 17664
40 15113
41 13321
42 11909
43 10236
44 8882
45 7802
46 6400
47 5196
48 4309
49 3614
50 2970
51 2547
52 2094
53 1825
54 1514
55 1312
56 1124
57 873
58 809
59 757
60 635
61 568
62 512
63 481
64 425
65 408
66 389
67 340
68 352
69 356
70 331
71 347
72 306
73 270
74 294
75 295
76 289
77 263
78 278
79 253
80 250
81 198
82 245
83 186
84 216
85 241
86 214
87 186
88 188
89 189
90 227
91 217
92 191
93 202
94 180
95 211
96 199
97 185
98 190
99 171
100 149
101 161
102 189
103 160
104 136
105 150
106 134
107 136
108 141
109 144
110 127
111 167
112 150
113 159
114 134
115 153
116 174
117 156
118 162
119 152
120 151
121 149
122 138
123 167
124 177
125 187
126 173
127 198
128 200
129 186
130 172
131 215
132 199
133 195
134 239
135 229
136 227
137 245
138 208
139 230
140 218
141 242
142 225
143 215
144 241
145 222
146 252
147 230
148 222
149 225
150 245
151 245
152 231
153 228
154 200
155 210
156 196
157 201
158 173
159 154
160 196
161 195
162 184
163 179
164 165
165 164
166 170
167 162
168 164
169 163
170 148
171 145
172 148
173 152
174 142
175 153
176 137
177 133
178 134
179 113
180 126
181 113
182 108
183 103
184 90
185 89
186 97
187 96
188 67
189 80
190 81
191 73
192 77
193 58
194 71
195 47
196 34
197 44
198 40
199 40
200 37
201 27
202 35
203 39
204 49
205 45
206 36
207 36
208 36
209 38
210 30
211 31
212 26
213 28
214 25
215 24
216 20
217 18
218 25
219 14
220 18
221 26
222 18
223 18
224 14
225 5
226 9
227 10
228 8
229 8
230 4
231 7
232 7
233 5
234 7
235 12
236 11
237 8
238 6
239 9
240 5
241 7
242 2
243 6
244 3
245 2
246 6
247 3
249 4
250 4
251 4
252 5
253 2
254 8
255 1
256 3
257 3
258 3
259 6
260 4
261 3
262 4
264 3
265 3
266 2
267 3
268 2
269 1
270 4
271 3
272 2
273 6
274 5
275 6
276 10
277 3
278 2
279 2
281 2
282 2
283 1
285 1
286 1
288 1
289 2
290 1
292 2
296 2
297 1
298 3
302 1
333 1
336 1
339 1
349 1
353 1
355 1
356 1
357 1
369 1
372 1
374 1
381 1
382 1
385 1
387 1
388 1
398 1
399 1
401 1
404 1
409 2
411 1
419 1
420 1
422 1
425 2
426 1
430 1
431 2
432 4
433 2
434 2
436 1
437 4
438 2
439 1
441 5
442 3
443 1
444 1
446 3
448 2
452 1
494 1
501 3
502 2
503 2
504 2
506 1
507 1
508 1
509 1
512 2
513 3
516 1
517 1
518 1
520 1
521 2
522 2
523 3
525 2
526 3
530 4
531 4
532 2
533 4
534 3
535 3
536 4
537 4
538 3
540 1
541 4
542 4
543 2
544 1
545 4
546 2
547 3
548 1
549 6
550 6
551 4
552 2
553 3
554 5
555 4
556 5
557 2
558 4
559 2
560 6
561 1
562 3
563 2
565 3
566 4
567 3
568 1
569 4
570 5
571 3
572 1
573 2
574 1
575 1
576 2
578 3
579 2
580 4
581 2
582 1
583 3
585 1
586 1
588 1
590 1
591 4
592 7
593 2
594 1
595 2
596 4
598 1
600 1
601 4
602 2
603 5
605 4
609 1
610 3
611 1
612 3
613 2
615 1
616 1
617 3
618 1
619 2
620 4
622 1
623 4
624 1
625 1
626 3
627 2
628 1
629 2
633 2
634 3
635 1
636 1
638 4
639 3
640 3
642 2
643 2
644 1
645 4
646 1
647 1
648 1
649 2
650 1
651 3
653 1
654 2
656 2
657 4
658 3
659 1
660 2
662 2
663 1
664 2
665 4
666 4
667 1
668 4
669 2
671 1
672 3
673 2
674 2
675 1
676 1
677 4
678 1
679 5
680 2
681 5
682 1
683 1
684 1
685 3
686 1
687 2
689 3
690 1
691 1
692 2
695 1
696 1
697 1
698 3
700 2
701 2
702 5
704 1
705 1
706 1
708 1
710 1
711 2
712 4
713 4
714 2
715 2
716 3
717 8
718 4
719 3
720 6
721 4
722 5
723 4
724 2
725 6
726 6
727 2
728 6
729 7
730 5
731 3
732 4
733 4
734 7
735 4
736 2
737 5
738 4
739 5
740 4
741 4
742 3
743 4
744 3
745 1
746 3
747 3
748 3
750 1
751 4
752 3
753 1
754 1
755 1
756 2
757 2
758 2
759 4
760 1
761 2
762 1
764 2
765 5
767 1
768 3
769 1
770 1
772 1
774 2
775 1
776 1
777 3
778 1
779 2
780 1
781 2
782 1
783 1
785 2
787 2
788 1
789 3
790 2
791 1
792 1
795 1
797 1
798 1
799 1
800 1
802 2
803 3
804 2
805 1
806 1
810 2
811 2
812 1
814 5
815 2
816 1
817 2
818 3
820 3
821 1
822 2
823 1
824 5
825 1
826 3
827 5
828 4
831 4
832 4
834 1
835 1
836 2
837 5
838 4
839 3
840 5
841 6
842 2
843 4
844 2
845 2
846 4
847 3
848 2
850 4
851 1
852 1
854 2
856 2
857 1
858 2
859 1
861 3
863 1
864 5
865 5
866 2
867 2
868 1
869 2
870 1
871 5
872 2
873 3
874 4
875 5
876 1
877 4
878 5
879 1
880 1
882 4
883 6
884 2
885 4
886 4
887 2
888 3
889 4
890 4
891 2
892 8
893 2
894 7
895 8
896 7
897 6
898 8
899 9
900 10
901 2
902 3
903 6
904 3
905 5
906 4
907 4
909 4
910 5
911 3
912 2
913 8
914 4
915 5
916 7
917 3
918 3
919 6
920 4
921 2
922 7
923 4
924 4
925 6
926 2
928 3
929 2
930 3
931 2
932 4
933 2
934 6
935 2
936 2
937 3
938 3
939 3
940 3
941 1
942 2
943 1
944 3
945 2
946 4
947 5
948 1
949 2
950 3
951 5
952 1
953 2
954 2
955 2
956 1
958 2
959 3
960 2
961 1
962 4
963 3
964 4
965 2
966 3
967 4
968 3
969 6
970 3
971 4
972 5
973 1
974 2
975 3
976 2
977 2
978 3
979 5
980 3
981 3
982 5
983 2
984 1
985 2
986 6
987 5
988 3
989 4
990 2
991 3
992 4
993 5
994 1
995 2
996 2
997 4
998 3
999 4
1000 3
1001 5
1002 7
1003 5
1004 6
1005 5
1006 1
1007 4
1008 6
1009 1
1010 6
1011 6
1012 4
1013 6
1014 3
1015 2
1016 2
1017 3
1018 1
1019 4
1020 6
1021 5
1022 1
1023 4
1024 4
1025 5
1026 2
1027 8
1028 4
1029 3
1030 7
1031 4
1032 7
1033 6
1034 1
1035 6
1036 3
1037 7
1038 3
1039 2
1040 3
1041 4
1042 3
1043 8
1044 3
1045 4
1046 3
1047 1
1048 3
1049 5
1050 5
1051 4
1052 8
1053 5
1054 3
1055 8
1056 2
1057 3
1058 5
1059 6
1061 4
1062 1
1063 3
1064 2
1065 6
1066 3
1067 6
1068 4
1069 2
1070 2
1071 2
1072 4
1073 3
1074 6
1075 5
1076 5
1077 3
1078 6
1079 3
1080 3
1081 4
1082 5
1083 6
1084 9
1085 2
1086 8
1087 9
1088 2
1089 5
1090 10
1091 3
1092 4
1093 3
1094 6
1095 5
1096 11
1097 4
1098 7
1099 8
1100 5
1101 6
1102 7
1103 3
1104 3
1105 4
1106 2
1107 5
1108 7
1109 7
1110 8
1111 8
1112 6
1113 3
1114 3
1116 7
1117 6
1118 5
1119 5
1120 3
1121 4
1122 5
1123 9
1124 3
1125 6
1126 5
1127 2
1128 4
1129 5
1130 6
1131 6
1132 7
1133 5
1134 5
1135 6
1136 6
1137 3
1138 4
1139 3
1140 3
1141 5
1142 1
1143 2
1144 3
1145 2
1146 1
1147 3
1148 5
1149 4
1150 3
1152 4
1153 5
1154 4
1155 6
1156 6
1157 5
1158 2
1159 6
1160 5
1161 10
1162 5
1163 6
1164 6
1165 3
1166 10
1167 6
1168 3
1169 6
1170 3
1171 3
1172 6
1173 3
1174 7
1175 2
1176 5
1177 4
1178 3
1179 9
1180 1
1181 6
1182 13
1183 5
1184 3
1185 7
1186 6
1187 7
1188 4
1189 3
1190 8
1191 3
1192 1
1193 5
1194 7
1195 5
1196 3
1197 5
1198 4
1199 7
1200 3
1201 2
1202 7
1203 3
1205 3
1206 5
1207 5
1208 6
1209 5
1210 9
1211 2
1212 5
1213 5
1214 2
1215 3
1216 2
1217 5
1218 1
1219 4
1220 4
1221 2
1222 2
1224 3
1225 2
1226 5
1227 3
1228 2
1230 1
1231 5
1232 4
1233 4
1234 1
1235 3
1236 1
1237 3
1238 1
1239 1
1240 5
1241 2
1242 2
1243 4
1244 3
1245 7
1247 1
1248 3
1249 2
1250 2
1252 2
1253 2
1254 2
1255 2
1257 2
1258 1
1260 6
1261 2
1262 5
1263 4
1265 3
1266 5
1267 4
1268 1
1269 2
1270 4
1271 4
1272 4
1273 4
1274 3
1275 2
1276 2
1277 5
1278 3
1279 3
1280 2
1281 3
1282 5
1283 4
1284 6
1285 5
1286 5
1287 3
1288 4
1289 2
1290 4
1291 9
1293 2
1294 5
1295 2
1296 3
1297 3
1298 3
1299 4
1300 3
1301 1
1302 3
1303 3
1304 4
1305 4
1306 2
1308 5
1309 5
1310 1
1312 3
1313 2
1314 3
1315 3
1316 3
1317 2
1319 2
1320 3
1322 3
1323 1
1324 2
1325 1
1326 3
1327 5
1328 1
1329 1
1330 1
1331 5
1332 1
1333 5
1334 2
1335 2
1337 1
1338 4
1339 3
1340 1
1341 7
1342 1
1343 4
1344 4
1345 1
1346 5
1347 2
1348 4
1349 1
1350 2
1352 3
1354 4
1355 2
1356 3
1357 4
1358 7
1360 4
1361 4
1362 3
1363 7
1364 3
1365 3
1366 5
1367 5
1368 6
1369 1
1370 2
1371 3
1372 4
1373 5
1374 4
1375 2
1376 3
1377 4
1378 2
1379 3
1381 2
1382 4
1383 1
1384 3
1385 2
1386 2
1387 2
1388 2
1389 3
1390 2
1391 3
1392 3
1393 6
1394 1
1395 4
1396 3
1397 1
1398 1
1399 3
1400 2
1401 2
1402 2
1403 4
1404 3
1405 1
1406 5
1407 3
1408 1
1409 2
1410 6
1411 4
1412 4
1413 9
1414 3
1415 3
1416 4
1417 2
1418 3
1420 3
1421 5
1422 3
1423 2
1424 4
1425 6
1426 2
1427 5
1428 3
1429 3
1430 2
1431 5
1432 2
1433 5
1434 2
1435 3
1436 3
1437 5
1438 6
1439 5
1440 3
1441 4
1442 6
1443 5
1444 1
1445 2
1446 2
1447 1
1448 4
1449 3
1450 3
1451 3
1452 2
1453 6
1454 2
1455 4
1456 3
1458 1
1459 4
1460 2
1461 4
1462 2
1463 1
1464 5
1466 2
1468 2
1469 4
1470 1
1471 2
1472 2
1473 1
1474 1
1475 2
1476 2
1477 3
1478 2
1479 2
1480 1
1481 2
1482 1
1484 4
1485 1
1486 2
1487 2
1488 3
1489 1
1490 1
1491 3
1492 1
1493 1
1495 1
1496 2
1498 1
1501 2
1502 1
1503 2
1504 1
1506 1
1507 1
1509 1
1510 2
1515 2
1516 4
1517 1
1520 2
1522 1
1525 1
1527 4
1528 1
1529 1
1530 7
1531 2
1533 1
1534 2
1535 1
1536 1
1538 2
1539 2
1540 2
1541 3
1542 2
1543 1
1544 1
1545 2
1546 2
1549 4
1551 1
1552 2
1553 2
1555 1
1558 2
1560 2
1562 2
1565 2
1566 2
1567 1
1568 1
1569 2
1570 1
1571 1
1573 1
1575 1
1576 1
1577 1
1579 1
1580 1
1581 1
1583 1
1585 1
1588 2
1589 1
1590 1
1595 1
1596 1
1597 1
1598 4
1599 2
1600 1
1603 2
1604 1
1605 2
1606 1
1608 1
1610 1
1612 3
1613 2
1614 1
1616 1
1617 1
1618 1
1620 1
1621 2
1623 1
1624 1
1625 2
1626 1
1628 1
1629 2
1633 2
1635 1
1637 1
1638 2
1639 1
1643 1
1645 1
1646 3
1647 1
1652 1
1660 1
1666 2
1678 1
1680 2
1682 1
1685 1
1693 1
1694 1
1726 1
1729 2
1747 1
1757 1
1763 1
1764 1
1775 1
1791 1
3666 1
