1 51868296
2 1551858
3 317422
4 130139
5 82173
6 70872
7 73137
8 82596
9 96143
10 112243
11 130213
12 148085
13 165206
14 179921
15 193389
16 204584
17 211015
18 215170
19 216401
20 215507
21 210304
22 203370
23 191457
24 181299
25 166860
26 153978
27 138767
28 122467
29 107872
30 95015
31 82351
32 70369
33 61231
34 52234
35 43833
36 37807
37 32190
38 27021
39 23175
40 20051
41 17336
42 15223
43 13631
44 11938
45 10844
46 9539
47 8556
48 7472
49 6742
50 6366
51 5724
52 5373
53 4778
54 4429
55 4263
56 3938
57 3605
58 3474
59 3388
60 3357
61 3164
62 2901
63 2718
64 2725
65 2573
66 2441
67 2338
68 2175
69 2093
70 2033
71 1969
72 1899
73 1778
74 1745
75 1742
76 1585
77 1502
78 1428
79 1396
80 1435
81 1232
82 1252
83 1143
84 1051
85 1040
86 1079
87 1057
88 1058
89 1029
90 974
91 957
92 910
93 943
94 897
95 889
96 949
97 889
98 829
99 806
100 785
101 766
102 737
103 741
104 683
105 654
106 591
107 534
108 488
109 468
110 419
111 346
112 331
113 306
114 330
115 269
116 253
117 220
118 215
119 240
120 240
121 208
122 191
123 215
124 176
125 168
126 172
127 131
128 141
129 118
130 104
131 93
132 107
133 103
134 80
135 80
136 71
137 73
138 70
139 66
140 50
141 51
142 42
143 35
144 51
145 55
146 39
147 42
148 54
149 49
150 55
151 42
152 31
153 48
154 41
155 34
156 21
157 21
158 25
159 22
160 20
161 28
162 25
163 21
164 31
165 26
166 31
167 28
168 23
169 16
170 23
171 26
172 18
173 23
174 28
175 13
176 24
177 16
178 16
179 32
180 24
181 25
182 31
183 26
184 25
185 23
186 21
187 36
188 25
189 24
190 18
191 19
192 21
193 20
194 18
195 17
196 19
197 19
198 15
199 32
200 15
201 21
202 22
203 22
204 13
205 16
206 24
207 12
208 18
209 21
210 9
211 15
212 13
213 17
214 9
215 10
216 10
217 11
218 9
219 8
220 13
221 11
222 15
223 7
224 9
225 10
226 9
227 14
228 13
229 15
230 31
231 10
232 17
233 11
234 13
235 10
236 21
237 22
238 19
239 14
240 18
241 10
242 16
243 15
244 15
245 8
246 10
247 6
248 7
249 9
250 7
251 8
252 5
253 6
254 6
255 5
256 4
257 4
258 6
259 7
260 3
261 3
262 4
263 3
264 2
265 1
266 1
267 1
268 6
269 3
270 10
271 4
272 4
273 4
274 7
275 10
276 11
277 4
278 4
279 5
280 6
281 5
282 7
283 4
284 6
285 2
286 3
287 4
288 4
289 5
290 1
291 2
292 4
293 3
294 2
295 1
296 2
297 1
298 3
299 2
301 3
302 1
303 1
305 3
306 2
307 4
308 1
309 2
310 3
311 5
312 1
313 3
314 1
315 1
316 3
317 4
318 6
319 2
320 3
321 5
322 1
323 2
324 2
325 2
326 2
327 2
328 3
329 2
330 1
331 2
332 1
333 1
334 2
335 2
336 2
337 2
338 1
339 2
340 1
341 1
342 2
343 2
344 1
346 3
347 1
350 2
351 2
352 1
354 1
355 1
356 3
357 3
358 1
360 2
364 1
365 3
366 2
367 3
368 1
369 4
373 2
375 1
376 2
377 1
378 2
381 3
382 2
383 2
385 1
386 2
387 4
389 1
391 2
392 2
393 1
394 3
395 3
397 1
398 1
399 3
400 1
401 1
402 3
403 2
404 1
407 2
410 1
411 1
412 1
414 1
415 1
416 2
417 2
418 4
419 2
420 1
421 1
422 1
427 2
428 1
429 2
430 1
431 3
432 1
434 2
435 2
436 2
437 4
439 2
441 1
443 2
444 1
449 1
452 2
453 2
454 2
455 1
457 1
458 2
460 2
461 1
462 2
463 1
464 1
466 1
467 2
468 1
469 3
470 4
471 3
472 1
474 2
477 1
479 1
480 2
483 3
484 2
485 1
489 1
491 1
492 1
493 1
495 1
498 2
499 2
500 1
502 2
504 1
506 3
508 1
509 3
510 1
511 3
512 1
514 3
515 2
516 1
518 1
524 3
528 1
530 1
532 2
533 1
536 1
537 3
538 1
542 1
544 1
547 3
548 2
551 1
552 1
553 1
555 1
556 1
557 2
559 1
564 1
567 1
570 1
572 1
573 1
574 1
576 1
577 2
582 2
583 1
584 1
586 1
589 2
591 2
592 1
596 1
598 1
601 1
603 1
605 1
613 1
614 1
615 1
618 1
619 1
620 1
621 1
622 2
623 2
624 3
628 1
637 2
640 1
642 1
645 1
646 1
649 1
653 1
658 1
661 2
665 1
667 1
673 1
676 1
678 1
682 1
684 1
686 1
687 1
689 1
691 1
695 1
697 2
702 1
706 1
724 1
727 1
730 1
736 1
740 1
745 1
752 1
763 1
767 1
769 1
771 2
775 1
783 2
785 1
788 1
790 1
791 2
794 1
795 1
796 1
798 1
800 1
803 1
807 1
809 1
814 1
824 1
831 1
832 1
833 1
836 1
839 1
846 1
848 2
853 1
857 1
858 1
861 1
872 1
879 1
884 1
888 1
897 1
904 1
916 1
923 2
925 1
934 1
935 1
943 2
959 2
960 1
961 1
962 2
965 1
969 2
971 1
973 1
992 1
996 1
999 2
1001 1
1003 1
1005 1
1008 2
1012 2
1013 1
1016 1
1029 1
1030 1
1034 1
1035 1
1037 1
1043 1
1048 1
1057 1
1059 1
1060 1
1069 2
1073 2
1075 1
1083 1
1084 1
1086 1
1089 1
1090 2
1091 1
1093 1
1094 1
1095 1
1097 1
1098 1
1100 1
1101 1
1102 1
1103 1
1106 1
1108 1
1113 1
1116 1
1118 1
1119 1
1120 3
1121 1
1122 2
1125 1
1127 2
1128 1
1131 1
1132 1
1134 1
1137 1
1140 2
1141 2
1142 2
1143 2
1144 3
1145 1
1147 2
1149 4
1150 1
1151 2
1153 1
1154 2
1155 6
1156 1
1157 2
1158 2
1160 1
1161 2
1162 2
1163 1
1164 1
1165 1
1166 3
1167 1
1169 1
1170 2
1172 1
1173 3
1174 2
1175 4
1176 3
1177 1
1178 1
1179 2
1181 1
1182 1
1186 2
1187 1
1188 1
1189 2
1190 4
1191 3
1192 5
1193 1
1194 2
1195 2
1197 1
1198 1
1200 1
1202 1
1203 1
1204 2
1205 1
1207 1
1208 2
1209 1
1212 1
1213 1
1214 1
1215 1
1216 1
1217 2
1218 1
1219 1
1220 3
1221 1
1222 1
1223 4
1224 2
1225 4
1226 1
1227 3
1228 1
1229 2
1230 3
1231 3
1232 1
1233 3
1234 2
1235 3
1236 5
1237 7
1238 2
1239 3
1240 5
1241 6
1242 3
1243 4
1244 4
1245 2
1246 5
1247 1
1248 5
1249 3
1250 6
1251 7
1252 6
1253 1
1255 4
1256 2
1257 3
1258 1
1259 3
1260 8
1261 5
1262 2
1263 4
1264 13
1265 12
1266 5
1267 5
1268 2
1269 4
1270 4
1271 4
1272 3
1273 12
1274 6
1275 6
1276 7
1277 3
1278 4
1279 6
1280 4
1282 5
1284 2
1285 1
1286 1
1287 1
1288 3
1289 4
1290 2
1291 6
1292 2
1295 4
1296 1
1297 2
1298 2
1299 1
1300 1
1301 1
1302 1
1303 2
1304 2
1306 3
1307 4
1308 2
1309 5
1310 7
1311 4
1312 4
1313 4
1314 4
1315 3
1316 3
1318 1
1319 2
1320 2
1321 2
1323 3
1324 1
1325 1
1326 1
1327 2
1328 2
1330 1
1331 3
1332 1
1333 4
1334 1
1335 2
1336 2
1337 2
1338 6
1339 4
1340 3
1341 3
1342 2
1343 7
1344 6
1345 1
1346 5
1347 6
1348 2
1349 5
1350 5
1351 6
1352 3
1353 2
1354 1
1355 2
1356 4
1357 1
1359 2
1360 1
1361 3
1362 3
1363 2
1364 1
1368 2
1369 1
1370 1
1371 2
1374 2
1378 2
1380 1
1383 1
1384 2
1387 2
1388 4
1390 2
1391 3
1393 1
1396 1
1397 1
1398 1
1402 1
1403 2
1404 1
1405 2
1406 1
1417 1
1432 1
1440 1
1443 1
1454 1
1471 1
1489 1
1506 1
1513 1
1525 1
1541 1
1584 1
1585 1
1626 1
1629 1
1654 1
1699 1
1705 1
1712 1
1716 1
1717 1
1718 1
1728 1
1746 2
1758 1
1777 1
1778 1
1794 1
1796 1
1823 1
1834 1
1847 2
1899 1
1932 1
1939 1
2028 1
2045 1
2052 1
2075 1
2079 1
2104 1
2121 1
2180 1
2188 1
2217 1
2233 1
2373 1
2401 1
2451 1
2473 1
2507 2
2509 2
2525 1
2528 1
2570 1
2678 1
2761 1
2794 1
2927 1
2977 1
3020 1
3030 1
3064 1
3070 1
3125 1
3152 1
3301 1
3309 1
3350 1
3524 1
3532 1
3647 1
3713 1
3774 1
3887 1
3933 1
3975 1
3987 1
4006 1
4060 1
4078 1
4165 1
4186 1
4232 1
4236 1
4385 1
4441 1
4458 1
4501 1
4607 1
4638 1
4661 1
5192 1
5204 1
5246 1
5471 1
5763 1
6184 1
6196 1
6315 1
6958 1
7166 1
7354 1
7851 1
7886 1
7913 1
8071 1
8461 1
8577 1
8751 1
9089 1
9142 1
9553 1
9632 1
10001 47
