1 258042876
2 12265056
3 3312266
4 1510465
5 854745
6 553219
7 368078
8 266102
9 201894
10 159375
11 130430
12 108762
13 93570
14 80854
15 69740
16 61121
17 54791
18 48225
19 43401
20 40205
21 36070
22 32558
23 29974
24 28468
25 26459
26 24851
27 22931
28 21325
29 19955
30 19137
31 18023
32 16807
33 15978
34 15022
35 14104
36 13153
37 12734
38 11643
39 11126
40 10275
41 10036
42 9323
43 8688
44 8260
45 7924
46 8010
47 7699
48 7406
49 7219
50 6705
51 6151
52 6522
53 5915
54 5634
55 5348
56 5346
57 5199
58 5050
59 4856
60 4702
61 4709
62 4464
63 4324
64 4125
65 3968
66 3790
67 3848
68 3775
69 3703
70 3660
71 3331
72 3276
73 3142
74 3174
75 3066
76 2839
77 2811
78 2613
79 2519
80 2477
81 2423
82 2244
83 2119
84 2125
85 2141
86 2106
87 1958
88 1879
89 1934
90 1835
91 1711
92 1755
93 1674
94 1743
95 1651
96 1566
97 1628
98 1596
99 1505
100 1560
101 1439
102 1356
103 1391
104 1349
105 1253
106 1276
107 1160
108 1185
109 1126
110 1139
111 1051
112 1043
113 1031
114 1038
115 988
116 981
117 1007
118 965
119 989
120 948
121 916
122 841
123 893
124 878
125 857
126 806
127 833
128 789
129 803
130 800
131 766
132 751
133 753
134 749
135 700
136 696
137 674
138 706
139 718
140 677
141 691
142 714
143 630
144 627
145 632
146 620
147 665
148 651
149 673
150 606
151 647
152 555
153 553
154 517
155 553
156 475
157 563
158 608
159 628
160 560
161 584
162 601
163 565
164 565
165 558
166 545
167 537
168 549
169 547
170 517
171 452
172 455
173 435
174 457
175 420
176 442
177 429
178 437
179 417
180 373
181 405
182 366
183 386
184 393
185 340
186 320
187 296
188 312
189 345
190 306
191 300
192 317
193 307
194 313
195 301
196 289
197 255
198 279
199 293
200 286
201 283
202 261
203 281
204 264
205 234
206 239
207 217
208 220
209 225
210 268
211 261
212 272
213 251
214 277
215 229
216 251
217 252
218 261
219 255
220 243
221 264
222 297
223 269
224 278
225 262
226 250
227 239
228 227
229 204
230 229
231 223
232 221
233 225
234 220
235 240
236 212
237 216
238 212
239 210
240 224
241 198
242 206
243 225
244 206
245 225
246 185
247 185
248 191
249 185
250 190
251 202
252 222
253 192
254 191
255 205
256 215
257 214
258 189
259 221
260 172
261 244
262 219
263 197
264 198
265 190
266 182
267 171
268 165
269 170
270 215
271 196
272 182
273 147
274 176
275 134
276 151
277 155
278 144
279 142
280 162
281 151
282 166
283 164
284 176
285 123
286 156
287 144
288 152
289 152
290 185
291 149
292 205
293 171
294 181
295 158
296 150
297 146
298 158
299 144
300 135
301 149
302 116
303 119
304 127
305 142
306 126
307 134
308 120
309 133
310 140
311 128
312 134
313 126
314 126
315 115
316 119
317 119
318 101
319 121
320 125
321 135
322 143
323 128
324 143
325 129
326 138
327 136
328 141
329 113
330 124
331 156
332 111
333 127
334 115
335 128
336 124
337 101
338 118
339 125
340 117
341 109
342 110
343 107
344 109
345 97
346 98
347 100
348 96
349 88
350 79
351 100
352 86
353 99
354 95
355 72
356 92
357 100
358 75
359 73
360 82
361 77
362 90
363 69
364 62
365 92
366 78
367 77
368 88
369 100
370 84
371 103
372 98
373 72
374 89
375 87
376 69
377 82
378 85
379 74
380 93
381 66
382 70
383 62
384 72
385 73
386 79
387 68
388 59
389 72
390 74
391 69
392 60
393 60
394 77
395 74
396 74
397 61
398 63
399 58
400 57
401 64
402 63
403 60
404 50
405 57
406 47
407 70
408 50
409 61
410 49
411 51
412 54
413 51
414 43
415 44
416 75
417 62
418 60
419 66
420 45
421 52
422 46
423 64
424 41
425 54
426 58
427 41
428 54
429 51
430 41
431 43
432 41
433 35
434 42
435 48
436 48
437 35
438 49
439 55
440 40
441 37
442 46
443 38
444 40
445 35
446 43
447 29
448 38
449 27
450 28
451 22
452 33
453 34
454 30
455 35
456 29
457 23
458 21
459 38
460 33
461 29
462 21
463 33
464 30
465 31
466 27
467 24
468 29
469 32
470 28
471 27
472 33
473 17
474 18
475 28
476 23
477 25
478 28
479 22
480 26
481 18
482 23
483 22
484 25
485 24
486 24
487 24
488 12
489 17
490 17
491 12
492 13
493 21
494 12
495 14
496 10
497 20
498 15
499 11
500 12
501 19
502 13
503 14
504 16
505 15
506 11
507 16
508 25
509 24
510 35
511 26
512 18
513 25
514 22
515 19
516 19
517 24
518 19
519 16
520 19
521 19
522 8
523 23
524 15
525 21
526 15
527 23
528 16
529 14
530 15
531 15
532 11
533 14
534 12
535 11
536 13
537 9
538 11
539 16
540 14
541 17
542 14
543 18
544 21
545 10
546 17
547 19
548 9
549 11
550 20
551 12
552 9
553 14
554 19
555 11
556 12
557 7
558 12
559 16
560 13
561 10
562 19
563 16
564 9
565 16
566 10
567 11
568 19
569 14
570 10
571 7
572 15
573 11
574 14
575 9
576 11
577 15
578 15
579 12
580 8
581 9
582 11
583 14
584 10
585 10
586 13
587 16
588 11
589 9
590 15
591 17
592 11
593 14
594 14
595 15
596 9
597 9
598 12
599 15
600 14
601 10
602 15
603 14
604 12
605 13
606 10
607 4
608 16
609 14
610 14
611 8
612 13
613 7
614 14
615 16
616 12
617 13
618 10
619 5
620 16
621 9
622 12
623 15
624 5
625 13
626 12
627 15
628 13
629 12
630 10
631 10
632 21
633 7
634 13
635 10
636 7
637 16
638 11
639 6
640 7
641 9
642 8
643 4
644 8
645 5
646 10
647 8
648 10
649 6
650 11
651 5
652 17
653 12
654 9
655 12
656 2
657 7
658 5
659 8
660 6
661 9
662 10
663 7
664 10
665 8
666 13
667 5
668 9
669 6
670 5
671 8
672 6
673 9
674 4
675 14
676 9
677 6
678 8
679 9
680 8
681 10
682 10
683 10
684 7
685 10
686 6
687 9
688 13
689 8
690 11
691 10
692 7
693 8
694 9
695 6
696 11
697 5
698 5
699 3
700 3
701 11
702 11
703 6
704 8
705 3
706 5
707 9
708 6
709 2
710 7
711 7
712 5
713 4
714 6
715 6
716 10
717 7
718 10
719 12
720 8
721 8
722 6
723 6
724 9
725 3
726 6
727 5
728 10
729 10
730 10
731 3
732 7
733 2
734 6
735 6
736 9
737 7
738 11
739 3
740 8
741 8
742 9
743 4
744 9
745 6
746 6
747 11
748 6
749 6
750 11
751 5
752 5
754 7
755 3
756 2
757 8
758 3
759 6
760 2
762 5
763 1
764 2
765 4
766 7
767 5
768 2
769 5
770 1
771 6
772 5
773 3
774 6
775 3
776 6
777 8
778 6
779 11
780 6
781 4
782 3
783 4
784 4
785 6
786 1
787 7
788 6
789 9
790 4
791 6
792 8
793 9
794 6
795 3
796 8
797 8
798 4
799 2
800 5
801 9
802 7
803 6
804 9
805 6
806 6
807 4
808 4
809 3
810 3
811 1
812 1
813 2
814 4
815 9
816 6
817 5
818 6
819 5
820 2
821 2
822 3
823 3
824 6
825 4
826 4
827 11
828 11
829 7
830 2
831 2
832 5
833 2
834 7
835 2
836 5
837 2
838 1
839 2
840 5
842 5
843 4
844 2
845 5
846 4
847 3
848 2
849 4
850 2
851 3
852 2
853 5
854 5
855 2
856 3
857 4
858 3
860 4
861 1
862 2
863 5
864 3
865 4
866 5
867 1
868 8
869 3
870 2
871 2
872 2
873 3
874 7
875 5
876 5
877 6
878 2
879 3
880 4
881 3
882 3
883 3
884 1
885 3
887 4
888 4
889 6
890 1
891 5
892 3
893 4
894 3
895 2
896 4
897 2
898 7
899 4
900 3
901 5
902 4
903 7
904 6
905 1
906 3
907 6
908 6
909 1
910 10
911 6
912 7
913 4
914 3
915 4
916 4
917 3
918 4
919 2
920 1
921 2
922 1
923 2
924 2
925 6
926 2
927 1
928 3
929 4
930 3
931 3
932 4
933 6
934 3
935 4
936 1
937 1
938 3
939 2
940 1
941 1
942 1
943 3
944 1
946 2
947 2
949 3
950 4
951 1
952 1
953 4
954 2
955 2
956 3
957 2
958 2
960 5
961 3
962 2
964 4
965 1
966 3
967 1
968 2
969 3
970 5
971 1
972 2
973 1
974 1
975 1
976 2
977 3
978 4
979 1
980 3
981 2
982 2
983 3
984 2
985 2
986 4
987 4
988 6
989 2
990 3
991 2
992 1
993 2
994 1
995 2
996 4
1000 1
1001 1
1003 1
1004 4
1005 1
1007 4
1008 1
1010 2
1011 3
1012 2
1013 2
1014 1
1015 1
1016 1
1017 1
1018 1
1021 1
1022 2
1023 2
1024 2
1025 1
1026 1
1028 3
1029 1
1030 2
1031 1
1032 5
1033 3
1034 3
1036 3
1037 6
1038 1
1040 1
1041 2
1042 2
1043 4
1044 1
1045 1
1046 2
1047 4
1048 4
1049 1
1050 3
1051 2
1052 2
1053 2
1056 3
1057 1
1059 3
1060 4
1061 2
1062 2
1063 5
1064 4
1065 3
1066 1
1068 3
1069 2
1070 1
1071 4
1072 2
1073 4
1075 6
1076 1
1077 1
1079 3
1081 3
1082 1
1083 4
1084 3
1085 2
1087 2
1088 1
1089 2
1090 2
1093 2
1094 2
1095 2
1096 3
1097 1
1098 1
1099 1
1100 6
1102 4
1103 2
1104 2
1105 2
1106 2
1108 1
1109 4
1110 1
1111 2
1112 3
1114 1
1115 1
1116 4
1118 1
1119 2
1120 1
1121 4
1123 1
1124 1
1125 1
1126 1
1129 2
1130 3
1131 1
1132 1
1133 1
1134 4
1135 2
1136 1
1137 1
1139 1
1140 2
1141 4
1142 2
1143 1
1144 1
1145 1
1146 3
1148 1
1151 2
1153 1
1154 2
1155 1
1156 1
1158 1
1159 2
1160 1
1161 1
1163 1
1164 2
1165 2
1166 2
1168 2
1170 1
1171 1
1172 1
1173 1
1174 1
1175 5
1176 1
1177 4
1178 1
1179 2
1180 6
1181 1
1182 2
1183 4
1184 1
1185 3
1186 3
1187 4
1188 1
1189 1
1190 1
1191 1
1192 1
1193 2
1196 2
1197 1
1198 4
1199 2
1200 1
1202 2
1203 4
1204 1
1206 3
1207 2
1208 1
1209 2
1210 2
1211 1
1212 2
1213 1
1214 3
1215 2
1216 3
1217 2
1218 1
1219 1
1220 6
1221 3
1223 2
1225 4
1226 1
1228 3
1229 1
1230 3
1232 4
1233 1
1234 1
1235 1
1237 2
1238 1
1239 1
1240 1
1241 3
1243 2
1244 2
1245 2
1246 2
1248 4
1249 7
1250 2
1251 2
1252 2
1253 2
1254 3
1255 1
1256 1
1257 3
1258 4
1259 3
1260 1
1261 1
1262 2
1263 2
1264 5
1265 5
1267 5
1268 2
1269 1
1270 4
1271 4
1272 5
1273 3
1274 5
1275 1
1276 1
1277 2
1278 1
1283 2
1284 1
1285 1
1286 2
1287 3
1288 1
1289 1
1290 1
1292 1
1296 1
1298 3
1299 1
1301 2
1302 1
1303 1
1304 1
1305 2
1308 2
1310 2
1311 1
1313 2
1314 3
1316 3
1317 1
1319 3
1320 1
1321 4
1322 2
1324 4
1326 2
1327 1
1328 4
1329 3
1334 2
1335 4
1336 2
1337 1
1339 2
1341 2
1342 1
1344 1
1345 2
1346 2
1347 2
1348 1
1349 1
1350 3
1351 2
1352 2
1354 2
1356 2
1357 1
1360 2
1361 1
1363 1
1366 2
1369 2
1370 2
1371 1
1372 1
1374 1
1375 1
1377 2
1380 2
1383 2
1384 1
1386 1
1387 1
1388 2
1390 3
1391 2
1393 3
1394 2
1395 1
1396 1
1398 1
1400 1
1401 2
1402 1
1407 1
1408 2
1409 1
1410 1
1412 1
1415 1
1420 1
1422 1
1424 1
1425 1
1427 2
1431 1
1433 1
1434 1
1436 2
1437 1
1438 1
1441 1
1442 4
1443 3
1444 3
1445 1
1446 1
1448 1
1452 1
1454 1
1457 1
1458 2
1459 1
1460 1
1461 1
1462 2
1463 1
1467 2
1469 1
1471 3
1472 1
1473 1
1475 3
1476 1
1478 2
1479 2
1480 1
1482 1
1484 1
1492 1
1493 1
1495 1
1499 1
1501 1
1504 2
1505 1
1506 1
1507 1
1510 2
1515 1
1516 2
1517 1
1518 1
1519 1
1523 1
1529 1
1530 1
1536 1
1538 1
1539 1
1541 2
1544 1
1546 1
1547 3
1548 1
1550 3
1551 4
1552 1
1553 1
1554 1
1557 1
1558 2
1559 1
1560 1
1563 2
1564 1
1565 1
1571 1
1574 1
1576 1
1581 2
1582 1
1594 1
1595 2
1596 1
1602 1
1610 1
1622 1
1626 1
1627 1
1628 1
1629 1
1630 1
1631 1
1632 1
1635 1
1636 1
1638 2
1645 1
1647 1
1653 1
1672 1
1675 1
1688 1
1692 1
1696 1
1697 2
1698 2
1699 2
1700 1
1701 1
1704 1
1706 1
1708 1
1710 1
1714 1
1719 1
1720 1
1721 1
1729 1
1745 1
1764 1
1766 3
1772 1
1773 1
1774 2
1777 1
1779 1
1783 1
1788 1
1796 1
1802 1
1809 2
1818 1
1819 1
1826 1
1829 1
1833 2
1836 1
1838 2
1840 1
1843 1
1850 1
1853 1
1857 1
1864 1
1877 1
1880 1
1885 1
1886 1
1894 1
1904 1
1919 1
1933 1
1954 1
1960 1
1964 1
1969 1
1988 1
2006 1
2014 1
2021 1
2040 1
2043 1
2048 1
2053 1
2054 1
2059 1
2060 1
2068 1
2080 1
2085 1
2089 1
2093 1
2109 1
2122 1
2128 1
2131 1
2135 1
2146 1
2150 1
2164 1
2168 1
2169 1
2186 1
2209 1
2222 1
2230 1
2238 1
2240 1
2242 1
2252 1
2254 1
2260 1
2268 1
2283 1
2288 1
2291 1
2295 1
2296 1
2301 1
2304 1
2305 1
2314 1
2319 1
2334 1
2347 1
2352 1
2354 1
2358 1
2371 1
2425 1
2435 1
2436 1
2451 1
2467 1
2474 1
2489 1
2496 1
2507 1
2583 2
2610 1
2618 1
2626 1
2647 1
2651 1
2682 1
2709 1
2710 1
2730 1
2750 1
2756 2
2761 1
2764 1
2784 1
2801 1
2814 2
2821 1
2838 1
2840 1
2846 1
2856 1
2914 1
2938 1
3594 1
4439 1
4697 1
7692 1
7717 1
7772 1
12165 1
12520 1
167765 1
